0.0542144 5 2 1 
0.0542145 6 3 1 
0.0542146 8 5 1 
0.0542147 14 5 3 
0.0542148 15 4 2 
0.0542151 33 5 9 
0.0542153 47 4 12 
0.0542154 49 4 14 
0.0542155 50 5 13 
0.0542156 54 4 16 
0.0542157 62 4 17 
0.0575001 33 1 7 
0.0592144 3 8 1 
0.0592145 11 4 1 
0.0592148 26 5 5 
0.0592149 31 5 7 
0.059215 32 5 8 
0.059215 38 5 11 
0.0592151 40 4 10 
0.0592152 51 5 14 
0.0592153 53 4 15 
0.0592154 59 5 16 
0.0652144 1 7 1 
0.0652145 12 3 2 
0.0652146 13 5 2 
0.0652147 17 5 4 
0.0652148 19 4 4 
0.065215 23 4 5 
0.0652151 28 4 6 
0.0652152 35 4 9 
0.0652153 39 5 12 
0.0652156 48 4 13 
0.0652157 60 5 17 
0.0672679 46 4 20 
0.0712144 2 7 2 
0.0712145 4 6 1 
0.0712147 9 2 2 
0.0712148 18 4 3 
0.0712149 27 5 6 
0.071215 29 4 7 
0.0712151 30 4 8 
0.0712152 37 5 10 
0.0712153 41 4 11 
0.0712154 52 5 15 
0.0712156 63 4 18 
0.0772144 10 2 3 
0.0772145 34 4 19 
0.0863001 31 1 23 
0.0975001 31 5 7 
0.0991001 49 1 3 
0.1039 31 1 23 
0.1039 39 1 39 
0.1039 49 4 14 
0.107268 61 4 21 
0.1135 13 1 42 
0.1151 1 1 44 
0.1183 34 1 67 
0.1231 31 5 7 
0.127268 44 5 18 
0.1325 9 4 22 
0.133268 9 4 22 
0.1343 61 1 31 
0.1375 49 1 3 
