timestamp,ueImsiComplete,DRB.PdcpSduDelayDl(cellAverageLatency),m_pDCPBytesUL(0),m_pDCPBytesDL(cellDlTxVolume),DRB.PdcpSduVolumeDl_Filter.UEID(txBytes),Tot.PdcpSduNbrDl.UEID(txDlPackets),DRB.PdcpSduBitRateDl.UEID(pdcpThroughput),DRB.PdcpSduDelayDl.UEID(pdcpLatency),txPdcpPduLteRlc,txPdcpPduBytesLteRlc,QosFlow.PdcpPduVolumeDL_Filter.UEID(txPdcpPduBytesNrRlc),DRB.PdcpPduNbrDl.Qos.UEID(txPdcpPduNrRlc)
1769796115168,00047,0.000000,0,0,0,0,0.000000,0.000000,0,0,0.000000,0
1769796115168,00006,0.000000,0,0,0,0,0.000000,0.000000,0,0,0.000000,0
1769796115168,00049,0.000000,0,0,0,0,0.000000,0.000000,0,0,0.000000,0
1769796115168,00008,0.000000,0,0,0,0,0.000000,0.000000,0,0,0.000000,0
1769796115168,00055,0.000000,0,0,0,0,0.000000,0.000000,0,0,0.000000,0
1769796115168,00020,0.000000,0,0,0,0,0.000000,0.000000,0,0,0.000000,0
1769796115168,00033,0.000000,0,0,0,0,0.000000,0.000000,0,0,0.000000,0
1769796115168,00015,0.000000,0,0,0,0,0.000000,0.000000,0,0,0.000000,0
1769796115168,00050,0.000000,0,0,0,0,0.000000,0.000000,0,0,0.000000,0
1769796115168,00045,0.000000,0,0,0,0,0.000000,0.000000,0,0,0.000000,0
1769796115168,00043,0.000000,0,0,0,0,0.000000,0.000000,0,0,0.000000,0
1769796115168,00054,0.000000,0,0,0,0,0.000000,0.000000,0,0,0.000000,0
1769796115168,00014,0.000000,0,0,0,0,0.000000,0.000000,0,0,0.000000,0
1769796115168,00062,0.000000,0,0,0,0,0.000000,0.000000,0,0,0.000000,0
1769796115168,00025,0.000000,0,0,0,0,0.000000,0.000000,0,0,0.000000,0
1769796115168,00005,0.000000,0,0,0,0,0.000000,0.000000,0,0,0.000000,0
1769796115168,00053,0.000000,0,0,0,0,0.000000,0.000000,0,0,0.000000,0
1769796115168,00051,0.000000,0,0,0,0,0.000000,0.000000,0,0,0.000000,0
1769796115168,00031,0.000000,0,0,0,0,0.000000,0.000000,0,0,0.000000,0
1769796115168,00003,0.000000,0,0,0,0,0.000000,0.000000,0,0,0.000000,0
1769796115168,00038,0.000000,0,0,0,0,0.000000,0.000000,0,0,0.000000,0
1769796115168,00040,0.000000,0,0,0,0,0.000000,0.000000,0,0,0.000000,0
1769796115168,00032,0.000000,0,0,0,0,0.000000,0.000000,0,0,0.000000,0
1769796115168,00016,0.000000,0,0,0,0,0.000000,0.000000,0,0,0.000000,0
1769796115168,00024,0.000000,0,0,0,0,0.000000,0.000000,0,0,0.000000,0
1769796115168,00059,0.000000,0,0,0,0,0.000000,0.000000,0,0,0.000000,0
1769796115168,00061,0.000000,0,0,0,0,0.000000,0.000000,0,0,0.000000,0
1769796115168,00026,0.000000,0,0,0,0,0.000000,0.000000,0,0,0.000000,0
1769796115168,00011,0.000000,0,0,0,0,0.000000,0.000000,0,0,0.000000,0
1769796115168,00048,0.000000,0,0,0,0,0.000000,0.000000,0,0,0.000000,0
1769796115168,00021,0.000000,0,0,0,0,0.000000,0.000000,0,0,0.000000,0
1769796115168,00046,0.000000,0,0,0,0,0.000000,0.000000,0,0,0.000000,0
1769796115168,00044,0.000000,0,0,0,0,0.000000,0.000000,0,0,0.000000,0
1769796115168,00035,0.000000,0,0,0,0,0.000000,0.000000,0,0,0.000000,0
1769796115168,00039,0.000000,0,0,0,0,0.000000,0.000000,0,0,0.000000,0
1769796115168,00019,0.000000,0,0,0,0,0.000000,0.000000,0,0,0.000000,0
1769796115168,00012,0.000000,0,0,0,0,0.000000,0.000000,0,0,0.000000,0
1769796115168,00013,0.000000,0,0,0,0,0.000000,0.000000,0,0,0.000000,0
1769796115168,00022,0.000000,0,0,0,0,0.000000,0.000000,0,0,0.000000,0
1769796115168,00001,0.000000,0,0,0,0,0.000000,0.000000,0,0,0.000000,0
1769796115168,00060,0.000000,0,0,0,0,0.000000,0.000000,0,0,0.000000,0
1769796115168,00017,0.000000,0,0,0,0,0.000000,0.000000,0,0,0.000000,0
1769796115168,00058,0.000000,0,0,0,0,0.000000,0.000000,0,0,0.000000,0
1769796115168,00028,0.000000,0,0,0,0,0.000000,0.000000,0,0,0.000000,0
1769796115168,00023,0.000000,0,0,0,0,0.000000,0.000000,0,0,0.000000,0
1769796115168,00037,0.000000,0,0,0,0,0.000000,0.000000,0,0,0.000000,0
1769796115168,00027,0.000000,0,0,0,0,0.000000,0.000000,0,0,0.000000,0
1769796115168,00002,0.000000,0,0,0,0,0.000000,0.000000,0,0,0.000000,0
1769796115168,00056,0.000000,0,0,0,0,0.000000,0.000000,0,0,0.000000,0
1769796115168,00036,0.000000,0,0,0,0,0.000000,0.000000,0,0,0.000000,0
1769796115168,00007,0.000000,0,0,0,0,0.000000,0.000000,0,0,0.000000,0
1769796115168,00029,0.000000,0,0,0,0,0.000000,0.000000,0,0,0.000000,0
1769796115168,00009,0.000000,0,0,0,0,0.000000,0.000000,0,0,0.000000,0
1769796115168,00063,0.000000,0,0,0,0,0.000000,0.000000,0,0,0.000000,0
1769796115168,00030,0.000000,0,0,0,0,0.000000,0.000000,0,0,0.000000,0
1769796115168,00018,0.000000,0,0,0,0,0.000000,0.000000,0,0,0.000000,0
1769796115168,00041,0.000000,0,0,0,0,0.000000,0.000000,0,0,0.000000,0
1769796115168,00052,0.000000,0,0,0,0,0.000000,0.000000,0,0,0.000000,0
1769796115168,00004,0.000000,0,0,0,0,0.000000,0.000000,0,0,0.000000,0
1769796115168,00010,0.000000,0,0,0,0,0.000000,0.000000,0,0,0.000000,0
1769796115168,00034,0.000000,0,0,0,0,0.000000,0.000000,0,0,0.000000,0
1769796115168,00057,0.000000,0,0,0,0,0.000000,0.000000,0,0,0.000000,0
1769796115168,00042,0.000000,0,0,0,0,0.000000,0.000000,0,0,0.000000,0
