0.02 0 1 1 0
0.02 0 2 1 0
0.02 0 3 1 0
0.02 0 4 1 0
0.02 0 5 1 0
0.02 0 6 1 0
0.02 0 7 1 0
0.02 0 8 1 0
0.02 0 9 1 0
0.02 0 10 1 0
0.02 0 11 1 0
0.02 0 12 1 0
0.02 0 13 1 0
0.02 0 14 1 0
0.02 0 15 1 0
0.02 0 16 1 0
0.02 0 17 1 0
0.02 0 18 1 0
0.02 0 19 1 0
0.02 0 20 1 0
0.0232143 0 16 1 0
0.0232143 0 2 1 0
0.0232143 0 4 1 0
0.0232143 0 13 1 0
0.0232143 0 8 1 0
0.0232143 0 6 1 0
0.0232143 0 15 1 0
0.0232143 0 7 1 0
0.0232143 0 11 1 0
0.0232143 0 10 1 0
0.0232143 0 1 1 0
0.0232143 0 3 1 0
0.0232143 0 9 1 0
0.0232143 0 12 1 0
0.0232143 0 5 1 0
0.0232143 0 14 1 0
0.025 0 21 1 0
0.025 0 22 1 0
0.025 0 23 1 0
0.025 0 24 1 0
0.025 0 25 1 0
0.025 0 26 1 0
0.025 0 27 1 0
0.025 0 28 1 0
0.025 0 29 1 0
0.025 0 30 1 0
0.025 0 31 1 0
0.025 0 32 1 0
0.025 0 33 1 0
0.0282143 0 24 1 0
0.0282143 0 33 1 0
0.0282143 0 28 1 0
0.0282143 0 29 1 0
0.0282143 0 32 1 0
0.0282143 0 23 1 0
0.0282143 0 27 1 0
0.0282143 0 25 1 0
0.0282143 0 26 1 0
0.0282143 0 22 1 0
0.0282143 0 21 1 0
0.0282143 0 30 1 0
0.0282143 0 31 1 0
0.03 0 1 1 0
0.03 0 2 1 0
0.03 0 3 1 0
0.03 0 4 1 0
0.03 0 5 1 0
0.03 0 6 1 0
0.03 0 7 1 0
0.03 0 8 1 0
0.03 0 9 1 0
0.03 0 10 1 0
0.03 0 11 1 0
0.03 0 12 1 0
0.03 0 13 1 0
0.03 0 14 1 0
0.03 0 15 1 0
0.03 0 16 1 0
0.03 0 17 1 0
0.03 0 18 1 0
0.03 0 19 1 0
0.03 0 20 1 0
0.031 0 34 1 0
0.031 0 35 1 0
0.031 0 36 1 0
0.031 0 37 1 0
0.031 0 38 1 0
0.031 0 39 1 0
0.031 0 40 1 0
0.031 0 41 1 0
0.031 0 42 1 0
0.031 0 43 1 0
0.031 0 44 1 0
0.031 0 45 1 0
0.031 0 46 1 0
0.031 0 47 1 0
0.031 0 48 1 0
0.031 0 49 1 0
0.031 0 50 1 0
0.031 0 51 1 0
0.0332143 0 16 1 0
0.0332143 0 2 1 0
0.0332143 0 4 1 0
0.0332143 0 13 1 0
0.0332143 0 8 1 0
0.0332143 0 6 1 0
0.0332143 0 15 1 0
0.0332143 0 7 1 0
0.0332143 0 11 1 0
0.0332143 0 10 1 0
0.0332143 0 1 1 0
0.0332143 0 3 1 0
0.0332143 0 9 1 0
0.0332143 0 12 1 0
0.0332143 0 5 1 0
0.0332143 0 14 1 0
0.0342143 0 44 1 0
0.0342143 0 41 1 0
0.0342143 0 42 1 0
0.0342143 0 46 1 0
0.0342143 0 40 1 0
0.0342143 0 35 1 0
0.0342143 0 43 1 0
0.0342143 0 49 1 0
0.0342143 0 48 1 0
0.0342143 0 38 1 0
0.0342143 0 39 1 0
0.0342143 0 37 1 0
0.0342143 0 36 1 0
0.0342143 0 34 1 0
0.0342143 0 47 1 0
0.0342143 0 45 1 0
0.035 0 21 1 0
0.035 0 22 1 0
0.035 0 23 1 0
0.035 0 24 1 0
0.035 0 25 1 0
0.035 0 26 1 0
0.035 0 27 1 0
0.035 0 28 1 0
0.035 0 29 1 0
0.035 0 30 1 0
0.035 0 31 1 0
0.035 0 32 1 0
0.035 0 33 1 0
0.037 0 52 1 0
0.037 0 53 1 0
0.037 0 54 1 0
0.037 0 55 1 0
0.037 0 56 1 0
0.037 0 57 1 0
0.037 0 58 1 0
0.037 0 59 1 0
0.037 0 60 1 0
0.037 0 61 1 0
0.037 0 62 1 0
0.037 0 63 1 0
0.037 0 64 1 0
0.037 0 65 1 0
0.0382143 0 24 1 0
0.0382143 0 33 1 0
0.0382143 0 28 1 0
0.0382143 0 29 1 0
0.0382143 0 32 1 0
0.0382143 0 23 1 0
0.0382143 0 27 1 0
0.0382143 0 25 1 0
0.0382143 0 26 1 0
0.0382143 0 22 1 0
0.0382143 0 21 1 0
0.0382143 0 30 1 0
0.0382143 0 31 1 0
0.04 0 1 1 0
0.04 0 2 1 0
0.04 0 3 1 0
0.04 0 4 1 0
0.04 0 5 1 0
0.04 0 6 1 0
0.04 0 7 1 0
0.04 0 8 1 0
0.04 0 9 1 0
0.04 0 10 1 0
0.04 0 11 1 0
0.04 0 12 1 0
0.04 0 13 1 0
0.04 0 14 1 0
0.04 0 15 1 0
0.04 0 16 1 0
0.0402143 0 54 1 0
0.0402143 0 65 1 0
0.0402143 0 57 1 0
0.0402143 0 59 1 0
0.0402143 0 62 1 0
0.0402143 0 53 1 0
0.0402143 0 58 1 0
0.0402143 0 61 1 0
0.0402143 0 56 1 0
0.0402143 0 52 1 0
0.0402143 0 63 1 0
0.0402143 0 64 1 0
0.0402143 0 55 1 0
0.0402143 0 60 1 0
0.041 0 34 1 0
0.041 0 35 1 0
0.041 0 36 1 0
0.041 0 37 1 0
0.041 0 38 1 0
0.041 0 39 1 0
0.041 0 40 1 0
0.041 0 41 1 0
0.041 0 42 1 0
0.041 0 43 1 0
0.041 0 44 1 0
0.041 0 45 1 0
0.041 0 46 1 0
0.041 0 47 1 0
0.041 0 48 1 0
0.041 0 49 1 0
0.041 0 50 1 0
0.041 0 51 1 0
0.043 0 66 1 0
0.043 0 67 1 0
0.043 0 68 1 0
0.043 0 69 1 0
0.0432143 0 16 1 0
0.0432143 0 2 1 0
0.0432143 0 4 1 0
0.0432143 0 13 1 0
0.0432143 0 8 1 0
0.0432143 0 6 1 0
0.0432143 0 15 1 0
0.0432143 0 7 1 0
0.0432143 0 11 1 0
0.0432143 0 10 1 0
0.0432143 0 1 1 0
0.0432143 0 3 1 0
0.0432143 0 9 1 0
0.0432143 0 12 1 0
0.0432143 0 5 1 0
0.0432143 0 14 1 0
0.0442143 0 44 1 0
0.0442143 0 41 1 0
0.0442143 0 42 1 0
0.0442143 0 46 1 0
0.0442143 0 40 1 0
0.0442143 0 35 1 0
0.0442143 0 43 1 0
0.0442143 0 49 1 0
0.0442143 0 48 1 0
0.0442143 0 38 1 0
0.0442143 0 39 1 0
0.0442143 0 37 1 0
0.0442143 0 36 1 0
0.0442143 0 34 1 0
0.0442143 0 47 1 0
0.0442143 0 45 1 0
0.04475 0 1 1 0
0.04475 0 2 1 0
0.04475 0 1 1 0
0.04475 0 2 1 0
0.04475 0 1 1 0
0.04475 0 2 1 0
0.04475 0 3 1 0
0.04475 0 4 1 0
0.04475 0 5 1 0
0.04475 0 6 1 0
0.04475 0 7 1 0
0.04475 0 8 1 0
0.04475 0 9 1 0
0.04475 0 10 1 0
0.04475 0 11 1 0
0.04475 0 12 1 0
0.04475 0 13 1 0
0.04475 0 14 1 0
0.04475 0 15 1 0
0.04475 0 16 1 0
0.04475 0 17 1 0
0.04475 0 18 1 0
0.04475 0 1 1 0
0.04475 0 2 1 0
0.04475 0 3 1 0
0.04475 0 4 1 0
0.04475 0 5 1 0
0.04475 0 6 1 0
0.04475 0 7 1 0
0.04475 0 8 1 0
0.04475 0 9 1 0
0.04475 0 10 1 0
0.04475 0 11 1 0
0.04475 0 12 1 0
0.04475 0 13 1 0
0.04475 0 14 1 0
0.04475 0 15 1 0
0.04475 0 16 1 0
0.04475 0 17 1 0
0.04475 0 1 1 0
0.04475 0 1 1 0
0.04475 0 2 1 0
0.04475 0 1 1 0
0.045 0 21 1 0
0.045 0 22 1 0
0.045 0 23 1 0
0.045 0 24 1 0
0.045 0 25 1 0
0.045 0 26 1 0
0.045 0 27 1 0
0.045 0 28 1 0
0.045 0 29 1 0
0.045 0 30 1 0
0.045 0 31 1 0
0.045 0 32 1 0
0.045 0 33 1 0
0.0462143 0 66 1 0
0.0462143 0 67 1 0
0.0462143 0 69 1 0
0.0462143 0 68 1 0
0.0462679 0 1 1 0
0.0462679 0 2 1 0
0.0462679 0 1 1 0
0.0462679 0 2 1 0
0.0462679 0 2 1 0
0.0462679 0 12 1 0
0.0462679 0 14 1 0
0.0462679 0 16 1 0
0.0462679 0 17 1 0
0.0462679 0 1 1 0
0.0462679 0 10 1 0
0.0462679 0 15 1 0
0.0462679 0 4 1 0
0.0462679 0 5 1 0
0.0462679 0 6 1 0
0.0462679 0 9 1 0
0.0462679 0 13 1 0
0.0462679 0 3 1 0
0.0462679 0 7 1 0
0.0462679 0 8 1 0
0.0462679 0 11 1 0
0.0462679 0 18 1 0
0.0462679 0 1 1 0
0.0462679 0 3 1 0
0.0462679 0 9 1 0
0.0462679 0 13 1 0
0.0462679 0 5 1 0
0.0462679 0 7 1 0
0.0462679 0 8 1 0
0.0462679 0 11 1 0
0.0462679 0 14 1 0
0.0462679 0 16 1 0
0.0462679 0 4 1 0
0.0462679 0 12 1 0
0.0462679 0 17 1 0
0.0462679 0 2 1 0
0.0462679 0 6 1 0
0.0462679 0 10 1 0
0.0462679 0 15 1 0
0.0462679 0 1 1 0
0.0462679 0 1 1 0
0.0462679 0 2 1 0
0.0462679 0 1 1 0
0.047 0 52 1 0
0.047 0 53 1 0
0.047 0 54 1 0
0.047 0 55 1 0
0.047 0 56 1 0
0.047 0 57 1 0
0.047 0 58 1 0
0.047 0 59 1 0
0.047 0 60 1 0
0.047 0 61 1 0
0.047 0 62 1 0
0.047 0 63 1 0
0.047 0 64 1 0
0.047 0 65 1 0
0.0482143 0 24 1 0
0.0482143 0 33 1 0
0.0482143 0 28 1 0
0.0482143 0 29 1 0
0.0482143 0 32 1 0
0.0482143 0 23 1 0
0.0482143 0 27 1 0
0.0482143 0 25 1 0
0.0482143 0 26 1 0
0.0482143 0 22 1 0
0.0482143 0 21 1 0
0.0482143 0 30 1 0
0.0482143 0 31 1 0
0.05 0 1 1 0
0.05 0 2 1 0
0.05 0 3 1 0
0.05 0 4 1 0
0.05 0 5 1 0
0.05 0 6 1 0
0.05 0 7 1 0
0.05 0 8 1 0
0.05 0 9 1 0
0.05 0 10 1 0
0.05 0 11 1 0
0.05 0 12 1 0
0.05 0 13 1 0
0.05 0 14 1 0
0.05 0 15 1 0
0.05 0 16 1 0
0.0502143 0 54 1 0
0.0502143 0 65 1 0
0.0502143 0 57 1 0
0.0502143 0 59 1 0
0.0502143 0 62 1 0
0.0502143 0 53 1 0
0.0502143 0 58 1 0
0.0502143 0 61 1 0
0.0502143 0 56 1 0
0.0502143 0 52 1 0
0.0502143 0 63 1 0
0.0502143 0 64 1 0
0.0502143 0 55 1 0
0.0502143 0 60 1 0
0.051 0 34 1 0
0.051 0 35 1 0
0.051 0 36 1 0
0.051 0 37 1 0
0.051 0 38 1 0
0.051 0 39 1 0
0.051 0 40 1 0
0.051 0 41 1 0
0.051 0 42 1 0
0.051 0 43 1 0
0.051 0 44 1 0
0.051 0 45 1 0
0.051 0 46 1 0
0.051 0 47 1 0
0.051 0 48 1 0
0.051 0 49 1 0
0.0527144 5 16 3 0
0.0527145 6 2 3 0
0.0527146 8 4 3 0
0.0527147 14 13 3 0
0.0527148 15 8 3 0
0.0527149 20 6 3 0
0.052715 25 15 3 0
0.052715 33 7 3 0
0.0527151 43 11 3 0
0.0527152 45 10 3 0
0.0527153 47 1 3 0
0.0527154 49 3 3 0
0.0527155 50 9 3 0
0.0527156 54 12 3 0
0.0527156 55 5 3 0
0.0527157 62 14 3 0
0.053 0 66 1 0
0.053 0 67 1 0
0.053 0 68 1 0
0.053 0 69 1 0
0.0532143 0 16 1 0
0.0532143 0 2 1 0
0.0532143 0 4 1 0
0.0532143 0 13 1 0
0.0532143 0 8 1 0
0.0532143 0 6 1 0
0.0532143 0 15 1 0
0.0532143 0 7 1 0
0.0532143 0 11 1 0
0.0532143 0 10 1 0
0.0532143 0 1 1 0
0.0532143 0 3 1 0
0.0532143 0 9 1 0
0.0532143 0 12 1 0
0.0532143 0 5 1 0
0.0532143 0 14 1 0
0.0532144 0 16 3 0
0.0532145 0 2 3 0
0.0532146 0 4 3 0
0.0532147 0 13 3 0
0.0532148 0 8 3 0
0.0532149 0 6 3 0
0.053215 0 15 3 0
0.053215 0 7 3 0
0.0532151 0 11 3 0
0.0532152 0 10 3 0
0.0532153 0 1 3 0
0.0532154 0 3 3 0
0.0532155 0 9 3 0
0.0532156 0 12 3 0
0.0532156 0 5 3 0
0.0532157 0 14 3 0
0.0542143 0 44 1 0
0.0542143 0 41 1 0
0.0542143 0 42 1 0
0.0542143 0 46 1 0
0.0542143 0 40 1 0
0.0542143 0 35 1 0
0.0542143 0 43 1 0
0.0542143 0 49 1 0
0.0542143 0 48 1 0
0.0542143 0 38 1 0
0.0542143 0 39 1 0
0.0542143 0 37 1 0
0.0542143 0 36 1 0
0.0542143 0 34 1 0
0.0542143 0 47 1 0
0.0542143 0 45 1 0
0.0547144 5 1 3 0
0.0547145 6 1 3 0
0.0547146 8 1 3 0
0.0547147 14 3 3 0
0.0547148 15 2 3 0
0.054715 33 9 3 0
0.0547153 47 12 3 0
0.0547154 49 14 3 0
0.0547155 50 13 3 0
0.0547156 54 16 3 0
0.0547157 62 17 3 0
0.05475 0 1 1 0
0.05475 0 2 1 0
0.05475 0 1 1 0
0.05475 0 2 1 0
0.05475 0 1 1 0
0.05475 0 2 1 0
0.05475 0 3 1 0
0.05475 0 4 1 0
0.05475 0 5 1 0
0.05475 0 6 1 0
0.05475 0 7 1 0
0.05475 0 8 1 0
0.05475 0 9 1 0
0.05475 0 10 1 0
0.05475 0 11 1 0
0.05475 0 12 1 0
0.05475 0 13 1 0
0.05475 0 14 1 0
0.05475 0 15 1 0
0.05475 0 16 1 0
0.05475 0 17 1 0
0.05475 0 18 1 0
0.05475 0 1 1 0
0.05475 0 2 1 0
0.05475 0 3 1 0
0.05475 0 4 1 0
0.05475 0 5 1 0
0.05475 0 6 1 0
0.05475 0 7 1 0
0.05475 0 8 1 0
0.05475 0 9 1 0
0.05475 0 10 1 0
0.05475 0 11 1 0
0.05475 0 12 1 0
0.05475 0 13 1 0
0.05475 0 14 1 0
0.05475 0 15 1 0
0.05475 0 16 1 0
0.05475 0 17 1 0
0.05475 0 1 1 0
0.05475 0 1 1 0
0.05475 0 2 1 0
0.05475 0 1 1 0
0.055 0 21 1 0
0.055 0 22 1 0
0.055 0 23 1 0
0.055 0 24 1 0
0.055 0 25 1 0
0.055 0 26 1 0
0.055 0 27 1 0
0.055 0 28 1 0
0.055 0 29 1 0
0.055 0 30 1 0
0.055 0 31 1 0
0.055 0 32 1 0
0.055 0 33 1 0
0.0562143 0 66 1 0
0.0562143 0 67 1 0
0.0562143 0 69 1 0
0.0562143 0 68 1 0
0.0562144 0 1 3 0
0.0562145 0 1 3 0
0.0562146 0 1 3 0
0.0562147 0 3 3 0
0.0562148 0 2 3 0
0.0562151 0 9 3 0
0.0562153 0 12 3 0
0.0562154 0 14 3 0
0.0562155 0 13 3 0
0.0562156 0 16 3 0
0.0562157 0 17 3 0
0.0562679 0 1 1 0
0.0562679 0 2 1 0
0.0562679 0 1 1 0
0.0562679 0 2 1 0
0.0562679 0 2 1 0
0.0562679 0 12 1 0
0.0562679 0 14 1 0
0.0562679 0 16 1 0
0.0562679 0 17 1 0
0.0562679 0 1 1 0
0.0562679 0 10 1 0
0.0562679 0 15 1 0
0.0562679 0 4 1 0
0.0562679 0 5 1 0
0.0562679 0 6 1 0
0.0562679 0 9 1 0
0.0562679 0 13 1 0
0.0562679 0 3 1 0
0.0562679 0 7 1 0
0.0562679 0 8 1 0
0.0562679 0 11 1 0
0.0562679 0 18 1 0
0.0562679 0 1 1 0
0.0562679 0 3 1 0
0.0562679 0 9 1 0
0.0562679 0 13 1 0
0.0562679 0 5 1 0
0.0562679 0 7 1 0
0.0562679 0 8 1 0
0.0562679 0 11 1 0
0.0562679 0 14 1 0
0.0562679 0 16 1 0
0.0562679 0 4 1 0
0.0562679 0 12 1 0
0.0562679 0 17 1 0
0.0562679 0 2 1 0
0.0562679 0 6 1 0
0.0562679 0 10 1 0
0.0562679 0 15 1 0
0.0562679 0 1 1 0
0.0562679 0 1 1 0
0.0562679 0 2 1 0
0.0562679 0 1 1 0
0.057 0 52 1 0
0.057 0 53 1 0
0.057 0 54 1 0
0.057 0 55 1 0
0.057 0 56 1 0
0.057 0 57 1 0
0.057 0 58 1 0
0.057 0 59 1 0
0.057 0 60 1 0
0.057 0 61 1 0
0.057 0 62 1 0
0.057 0 63 1 0
0.057 0 64 1 0
0.057 0 65 1 0
0.0577144 3 24 3 0
0.0577145 11 33 3 0
0.0577146 16 28 3 0
0.0577147 24 29 3 0
0.0577148 26 32 3 0
0.0577149 31 23 3 0
0.057715 32 27 3 0
0.057715 38 25 3 0
0.0577151 40 26 3 0
0.0577152 51 22 3 0
0.0577153 53 21 3 0
0.0577154 59 30 3 0
0.0577155 61 31 3 0
0.0582143 0 24 1 0
0.0582143 0 33 1 0
0.0582143 0 28 1 0
0.0582143 0 29 1 0
0.0582143 0 32 1 0
0.0582143 0 23 1 0
0.0582143 0 27 1 0
0.0582143 0 25 1 0
0.0582143 0 26 1 0
0.0582143 0 22 1 0
0.0582143 0 21 1 0
0.0582143 0 30 1 0
0.0582143 0 31 1 0
0.0582144 0 24 3 0
0.0582145 0 33 3 0
0.0582146 0 28 3 0
0.0582147 0 29 3 0
0.0582148 0 32 3 0
0.0582149 0 23 3 0
0.058215 0 27 3 0
0.058215 0 25 3 0
0.0582151 0 26 3 0
0.0582152 0 22 3 0
0.0582153 0 21 3 0
0.0582154 0 30 3 0
0.0582155 0 31 3 0
0.0595001 0 9 3 0
0.0597144 3 1 3 0
0.0597145 11 1 3 0
0.0597148 26 5 3 0
0.0597149 31 7 3 0
0.059715 32 8 3 0
0.059715 38 11 3 0
0.0597151 40 10 3 0
0.0597152 51 14 3 0
0.0597153 53 15 3 0
0.0597154 59 16 3 0
0.06 0 1 1 0
0.06 0 2 1 0
0.06 0 3 1 0
0.06 0 4 1 0
0.06 0 5 1 0
0.06 0 6 1 0
0.06 0 7 1 0
0.06 0 8 1 0
0.06 0 9 1 0
0.06 0 10 1 0
0.06 0 11 1 0
0.06 0 12 1 0
0.06 0 13 1 0
0.06 0 14 1 0
0.06 0 15 1 0
0.06 0 16 1 0
0.0600001 33 9 3 0
0.0602143 0 54 1 0
0.0602143 0 65 1 0
0.0602143 0 57 1 0
0.0602143 0 59 1 0
0.0602143 0 62 1 0
0.0602143 0 53 1 0
0.0602143 0 58 1 0
0.0602143 0 61 1 0
0.0602143 0 56 1 0
0.0602143 0 52 1 0
0.0602143 0 63 1 0
0.0602143 0 64 1 0
0.0602143 0 55 1 0
0.0602143 0 60 1 0
0.061 0 34 1 0
0.061 0 35 1 0
0.061 0 36 1 0
0.061 0 37 1 0
0.061 0 38 1 0
0.061 0 39 1 0
0.061 0 40 1 0
0.061 0 41 1 0
0.061 0 42 1 0
0.061 0 43 1 0
0.061 0 44 1 0
0.061 0 45 1 0
0.061 0 46 1 0
0.061 0 47 1 0
0.061 0 48 1 0
0.061 0 49 1 0
0.0612144 0 1 3 0
0.0612145 0 1 3 0
0.0612148 0 5 3 0
0.0612149 0 7 3 0
0.061215 0 8 3 0
0.0612151 0 11 3 0
0.0612151 0 10 3 0
0.0612152 0 14 3 0
0.0612153 0 15 3 0
0.0612154 0 16 3 0
0.0627144 5 16 3 0
0.0627145 6 2 3 0
0.0627146 8 4 3 0
0.0627147 14 13 3 0
0.0627148 15 8 3 0
0.0627149 20 6 3 0
0.062715 25 15 3 0
0.062715 33 7 3 0
0.0627151 43 11 3 0
0.0627152 45 10 3 0
0.0627153 47 1 3 0
0.0627154 49 3 3 0
0.0627155 50 9 3 0
0.0627156 54 12 3 0
0.0627156 55 5 3 0
0.0627157 62 14 3 0
0.063 0 66 1 0
0.063 0 67 1 0
0.063 0 68 1 0
0.063 0 69 1 0
0.0632143 0 16 1 0
0.0632143 0 2 1 0
0.0632143 0 4 1 0
0.0632143 0 13 1 0
0.0632143 0 8 1 0
0.0632143 0 6 1 0
0.0632143 0 15 1 0
0.0632143 0 7 1 0
0.0632143 0 11 1 0
0.0632143 0 10 1 0
0.0632143 0 1 1 0
0.0632143 0 3 1 0
0.0632143 0 9 1 0
0.0632143 0 12 1 0
0.0632143 0 5 1 0
0.0632143 0 14 1 0
0.0632144 0 16 3 0
0.0632145 0 2 3 0
0.0632146 0 4 3 0
0.0632147 0 13 3 0
0.0632148 0 8 3 0
0.0632149 0 6 3 0
0.063215 0 15 3 0
0.063215 0 7 3 0
0.0632151 0 11 3 0
0.0632152 0 10 3 0
0.0632153 0 1 3 0
0.0632154 0 3 3 0
0.0632155 0 9 3 0
0.0632156 0 12 3 0
0.0632156 0 5 3 0
0.0632157 0 14 3 0
0.0637144 1 44 3 0
0.0637145 12 41 3 0
0.0637146 13 42 3 0
0.0637147 17 46 3 0
0.0637148 19 40 3 0
0.0637149 21 35 3 0
0.063715 22 43 3 0
0.063715 23 49 3 0
0.0637151 28 48 3 0
0.0637152 35 38 3 0
0.0637153 39 39 3 0
0.0637154 44 37 3 0
0.0637155 46 36 3 0
0.0637156 48 34 3 0
0.0637156 58 47 3 0
0.0637157 60 45 3 0
0.0642143 0 44 1 0
0.0642143 0 41 1 0
0.0642143 0 42 1 0
0.0642143 0 46 1 0
0.0642143 0 40 1 0
0.0642143 0 35 1 0
0.0642143 0 43 1 0
0.0642143 0 49 1 0
0.0642143 0 48 1 0
0.0642143 0 38 1 0
0.0642143 0 39 1 0
0.0642143 0 37 1 0
0.0642143 0 36 1 0
0.0642143 0 34 1 0
0.0642143 0 47 1 0
0.0642143 0 45 1 0
0.0642144 0 44 3 0
0.0642145 0 41 3 0
0.0642146 0 42 3 0
0.0642147 0 46 3 0
0.0642148 0 40 3 0
0.0642149 0 35 3 0
0.064215 0 43 3 0
0.064215 0 49 3 0
0.0642151 0 48 3 0
0.0642152 0 38 3 0
0.0642153 0 39 3 0
0.0642154 0 37 3 0
0.0642155 0 36 3 0
0.0642156 0 34 3 0
0.0642156 0 47 3 0
0.0642157 0 45 3 0
0.0647144 5 1 3 0
0.0647145 6 1 3 0
0.0647146 8 1 3 0
0.0647147 14 3 3 0
0.0647148 15 2 3 0
0.0647153 47 12 3 0
0.0647154 49 14 3 0
0.0647155 50 13 3 0
0.0647156 54 16 3 0
0.0647157 62 17 3 0
0.06475 0 1 1 0
0.06475 0 2 1 0
0.06475 0 1 1 0
0.06475 0 2 1 0
0.06475 0 1 1 0
0.06475 0 2 1 0
0.06475 0 3 1 0
0.06475 0 4 1 0
0.06475 0 5 1 0
0.06475 0 6 1 0
0.06475 0 7 1 0
0.06475 0 8 1 0
0.06475 0 9 1 0
0.06475 0 10 1 0
0.06475 0 11 1 0
0.06475 0 12 1 0
0.06475 0 13 1 0
0.06475 0 14 1 0
0.06475 0 15 1 0
0.06475 0 16 1 0
0.06475 0 17 1 0
0.06475 0 18 1 0
0.06475 0 1 1 0
0.06475 0 2 1 0
0.06475 0 3 1 0
0.06475 0 4 1 0
0.06475 0 5 1 0
0.06475 0 6 1 0
0.06475 0 7 1 0
0.06475 0 8 1 0
0.06475 0 9 1 0
0.06475 0 10 1 0
0.06475 0 11 1 0
0.06475 0 12 1 0
0.06475 0 13 1 0
0.06475 0 14 1 0
0.06475 0 15 1 0
0.06475 0 16 1 0
0.06475 0 17 1 0
0.06475 0 1 1 0
0.06475 0 1 1 0
0.06475 0 2 1 0
0.06475 0 1 1 0
0.06475 0 3 1 0
0.06475 0 19 1 0
0.06475 0 20 1 0
0.065 0 21 1 0
0.065 0 22 1 0
0.065 0 23 1 0
0.065 0 24 1 0
0.065 0 25 1 0
0.065 0 26 1 0
0.065 0 27 1 0
0.065 0 28 1 0
0.065 0 29 1 0
0.065 0 30 1 0
0.065 0 31 1 0
0.065 0 32 1 0
0.065 0 33 1 0
0.0657144 1 1 3 0
0.0657145 12 2 3 0
0.0657146 13 2 3 0
0.0657147 17 4 3 0
0.0657148 19 4 3 0
0.065715 23 5 3 0
0.0657151 28 6 3 0
0.0657152 35 9 3 0
0.0657153 39 12 3 0
0.0657156 48 13 3 0
0.0657157 60 17 3 0
0.0662143 0 66 1 0
0.0662143 0 67 1 0
0.0662143 0 69 1 0
0.0662143 0 68 1 0
0.0662144 0 1 3 0
0.0662145 0 1 3 0
0.0662146 0 1 3 0
0.0662147 0 3 3 0
0.0662148 0 2 3 0
0.0662153 0 12 3 0
0.0662154 0 14 3 0
0.0662155 0 13 3 0
0.0662156 0 16 3 0
0.0662157 0 17 3 0
0.0662679 0 1 1 0
0.0662679 0 2 1 0
0.0662679 0 1 1 0
0.0662679 0 2 1 0
0.0662679 0 2 1 0
0.0662679 0 12 1 0
0.0662679 0 14 1 0
0.0662679 0 16 1 0
0.0662679 0 17 1 0
0.0662679 0 1 1 0
0.0662679 0 10 1 0
0.0662679 0 15 1 0
0.0662679 0 4 1 0
0.0662679 0 5 1 0
0.0662679 0 6 1 0
0.0662679 0 9 1 0
0.0662679 0 13 1 0
0.0662679 0 3 1 0
0.0662679 0 7 1 0
0.0662679 0 8 1 0
0.0662679 0 11 1 0
0.0662679 0 18 1 0
0.0662679 0 1 1 0
0.0662679 0 3 1 0
0.0662679 0 9 1 0
0.0662679 0 13 1 0
0.0662679 0 5 1 0
0.0662679 0 7 1 0
0.0662679 0 8 1 0
0.0662679 0 11 1 0
0.0662679 0 14 1 0
0.0662679 0 16 1 0
0.0662679 0 4 1 0
0.0662679 0 12 1 0
0.0662679 0 17 1 0
0.0662679 0 2 1 0
0.0662679 0 6 1 0
0.0662679 0 10 1 0
0.0662679 0 15 1 0
0.0662679 0 1 1 0
0.0662679 0 1 1 0
0.0662679 0 2 1 0
0.0662679 0 1 1 0
0.0662679 0 3 1 0
0.0662679 0 19 1 0
0.0662679 0 20 1 0
0.067 0 52 1 0
0.067 0 53 1 0
0.067 0 54 1 0
0.067 0 55 1 0
0.067 0 56 1 0
0.067 0 57 1 0
0.067 0 58 1 0
0.067 0 59 1 0
0.067 0 60 1 0
0.067 0 61 1 0
0.067 0 62 1 0
0.067 0 63 1 0
0.067 0 64 1 0
0.067 0 65 1 0
0.0672144 0 1 3 0
0.0672145 0 2 3 0
0.0672146 0 2 3 0
0.0672147 0 4 3 0
0.0672148 0 4 3 0
0.067215 0 5 3 0
0.0672151 0 6 3 0
0.0672152 0 9 3 0
0.0672153 0 12 3 0
0.0672156 0 13 3 0
0.0672157 0 17 3 0
0.0677144 3 24 3 0
0.0677145 11 33 3 0
0.0677146 16 28 3 0
0.0677147 24 29 3 0
0.0677148 26 32 3 0
0.0677149 31 23 3 0
0.067715 32 27 3 0
0.067715 38 25 3 0
0.0677151 40 26 3 0
0.0677152 51 22 3 0
0.0677153 53 21 3 0
0.0677154 59 30 3 0
0.0677155 61 31 3 0
0.0677679 46 20 3 0
0.0682143 0 24 1 0
0.0682143 0 33 1 0
0.0682143 0 28 1 0
0.0682143 0 29 1 0
0.0682143 0 32 1 0
0.0682143 0 23 1 0
0.0682143 0 27 1 0
0.0682143 0 25 1 0
0.0682143 0 26 1 0
0.0682143 0 22 1 0
0.0682143 0 21 1 0
0.0682143 0 30 1 0
0.0682143 0 31 1 0
0.0682144 0 24 3 0
0.0682145 0 33 3 0
0.0682146 0 28 3 0
0.0682147 0 29 3 0
0.0682148 0 32 3 0
0.0682149 0 23 3 0
0.068215 0 27 3 0
0.068215 0 25 3 0
0.0682151 0 26 3 0
0.0682152 0 22 3 0
0.0682153 0 21 3 0
0.0682154 0 30 3 0
0.0682155 0 31 3 0
0.0692679 0 20 3 0
0.0695001 0 9 3 0
0.0697144 2 54 3 0
0.0697144 3 1 3 0
0.0697145 4 65 3 0
0.0697145 11 1 3 0
0.0697146 7 57 3 0
0.0697147 9 59 3 0
0.0697148 18 62 3 0
0.0697148 26 5 3 0
0.0697149 27 53 3 0
0.0697149 31 7 3 0
0.069715 29 58 3 0
0.069715 32 8 3 0
0.069715 30 61 3 0
0.069715 38 11 3 0
0.0697151 36 56 3 0
0.0697151 40 10 3 0
0.0697152 37 52 3 0
0.0697152 51 14 3 0
0.0697153 41 63 3 0
0.0697153 53 15 3 0
0.0697154 52 64 3 0
0.0697154 59 16 3 0
0.0697155 56 55 3 0
0.0697156 63 60 3 0
0.07 0 1 1 0
0.07 0 2 1 0
0.07 0 3 1 0
0.07 0 4 1 0
0.07 0 5 1 0
0.07 0 6 1 0
0.07 0 7 1 0
0.07 0 8 1 0
0.07 0 9 1 0
0.07 0 10 1 0
0.07 0 11 1 0
0.07 0 12 1 0
0.07 0 13 1 0
0.07 0 14 1 0
0.07 0 15 1 0
0.07 0 16 1 0
0.0700001 33 9 3 0
0.0702143 0 54 1 0
0.0702143 0 65 1 0
0.0702143 0 57 1 0
0.0702143 0 59 1 0
0.0702143 0 62 1 0
0.0702143 0 53 1 0
0.0702143 0 58 1 0
0.0702143 0 61 1 0
0.0702143 0 56 1 0
0.0702143 0 52 1 0
0.0702143 0 63 1 0
0.0702143 0 64 1 0
0.0702143 0 55 1 0
0.0702143 0 60 1 0
0.0702144 0 54 3 0
0.0702145 0 65 3 0
0.0702146 0 57 3 0
0.0702147 0 59 3 0
0.0702148 0 62 3 0
0.0702149 0 53 3 0
0.070215 0 58 3 0
0.070215 0 61 3 0
0.0702151 0 56 3 0
0.0702152 0 52 3 0
0.0702153 0 63 3 0
0.0702154 0 64 3 0
0.0702155 0 55 3 0
0.0702156 0 60 3 0
0.071 0 34 1 0
0.071 0 35 1 0
0.071 0 36 1 0
0.071 0 37 1 0
0.071 0 38 1 0
0.071 0 39 1 0
0.071 0 40 1 0
0.071 0 41 1 0
0.071 0 42 1 0
0.071 0 43 1 0
0.071 0 44 1 0
0.071 0 45 1 0
0.071 0 46 1 0
0.071 0 47 1 0
0.071 0 48 1 0
0.071 0 49 1 0
0.0712144 0 1 3 0
0.0712145 0 1 3 0
0.0712148 0 5 3 0
0.0712149 0 7 3 0
0.071215 0 8 3 0
0.0712151 0 11 3 0
0.0712151 0 10 3 0
0.0712152 0 14 3 0
0.0712153 0 15 3 0
0.0712154 0 16 3 0
0.0717144 2 2 3 0
0.0717145 4 1 3 0
0.0717147 9 2 3 0
0.0717148 18 3 3 0
0.0717149 27 6 3 0
0.071715 29 7 3 0
0.071715 30 8 3 0
0.0717152 37 10 3 0
0.0717153 41 11 3 0
0.0717154 52 15 3 0
0.0717156 63 18 3 0
0.0727144 5 16 3 0
0.0727145 6 2 3 0
0.0727146 8 4 3 0
0.0727147 14 13 3 0
0.0727148 15 8 3 0
0.0727149 20 6 3 0
0.072715 25 15 3 0
0.072715 33 7 3 0
0.0727151 43 11 3 0
0.0727152 45 10 3 0
0.0727153 47 1 3 0
0.0727154 49 3 3 0
0.0727155 50 9 3 0
0.0727156 54 12 3 0
0.0727156 55 5 3 0
0.0727157 62 14 3 0
0.073 0 66 1 0
0.073 0 67 1 0
0.073 0 68 1 0
0.073 0 69 1 0
0.0732143 0 16 1 0
0.0732143 0 2 1 0
0.0732143 0 4 1 0
0.0732143 0 13 1 0
0.0732143 0 8 1 0
0.0732143 0 6 1 0
0.0732143 0 15 1 0
0.0732143 0 7 1 0
0.0732143 0 11 1 0
0.0732143 0 10 1 0
0.0732143 0 1 1 0
0.0732143 0 3 1 0
0.0732143 0 9 1 0
0.0732143 0 12 1 0
0.0732143 0 5 1 0
0.0732143 0 14 1 0
0.0732144 0 16 3 0
0.0732144 0 2 3 0
0.0732145 0 2 3 0
0.0732145 0 1 3 0
0.0732146 0 4 3 0
0.0732147 0 13 3 0
0.0732147 0 2 3 0
0.0732148 0 8 3 0
0.0732148 0 3 3 0
0.0732149 0 6 3 0
0.0732149 0 6 3 0
0.073215 0 15 3 0
0.073215 0 7 3 0
0.073215 0 7 3 0
0.0732151 0 8 3 0
0.0732151 0 11 3 0
0.0732152 0 10 3 0
0.0732152 0 10 3 0
0.0732153 0 1 3 0
0.0732153 0 11 3 0
0.0732154 0 3 3 0
0.0732154 0 15 3 0
0.0732155 0 9 3 0
0.0732156 0 12 3 0
0.0732156 0 18 3 0
0.0732156 0 5 3 0
0.0732157 0 14 3 0
0.0737144 1 44 3 0
0.0737145 12 41 3 0
0.0737146 13 42 3 0
0.0737147 17 46 3 0
0.0737148 19 40 3 0
0.0737149 21 35 3 0
0.073715 22 43 3 0
0.073715 23 49 3 0
0.0737151 28 48 3 0
0.0737152 35 38 3 0
0.0737153 39 39 3 0
0.0737154 44 37 3 0
0.0737155 46 36 3 0
0.0737156 48 34 3 0
0.0737156 58 47 3 0
0.0737157 60 45 3 0
0.0742143 0 44 1 0
0.0742143 0 41 1 0
0.0742143 0 42 1 0
0.0742143 0 46 1 0
0.0742143 0 40 1 0
0.0742143 0 35 1 0
0.0742143 0 43 1 0
0.0742143 0 49 1 0
0.0742143 0 48 1 0
0.0742143 0 38 1 0
0.0742143 0 39 1 0
0.0742143 0 37 1 0
0.0742143 0 36 1 0
0.0742143 0 34 1 0
0.0742143 0 47 1 0
0.0742143 0 45 1 0
0.0742144 0 44 3 0
0.0742145 0 41 3 0
0.0742146 0 42 3 0
0.0742147 0 46 3 0
0.0742148 0 40 3 0
0.0742149 0 35 3 0
0.074215 0 43 3 0
0.074215 0 49 3 0
0.0742151 0 48 3 0
0.0742152 0 38 3 0
0.0742153 0 39 3 0
0.0742154 0 37 3 0
0.0742155 0 36 3 0
0.0742156 0 34 3 0
0.0742156 0 47 3 0
0.0742157 0 45 3 0
0.0747144 5 1 3 0
0.0747145 6 1 3 0
0.0747146 8 1 3 0
0.0747147 14 3 3 0
0.0747148 15 2 3 0
0.0747153 47 12 3 0
0.0747154 49 14 3 0
0.0747155 50 13 3 0
0.0747156 54 16 3 0
0.0747157 62 17 3 0
0.07475 0 1 1 0
0.07475 0 2 1 0
0.07475 0 1 1 0
0.07475 0 2 1 0
0.07475 0 1 1 0
0.07475 0 2 1 0
0.07475 0 3 1 0
0.07475 0 4 1 0
0.07475 0 5 1 0
0.07475 0 6 1 0
0.07475 0 7 1 0
0.07475 0 8 1 0
0.07475 0 9 1 0
0.07475 0 10 1 0
0.07475 0 11 1 0
0.07475 0 12 1 0
0.07475 0 13 1 0
0.07475 0 14 1 0
0.07475 0 15 1 0
0.07475 0 16 1 0
0.07475 0 17 1 0
0.07475 0 18 1 0
0.07475 0 1 1 0
0.07475 0 2 1 0
0.07475 0 3 1 0
0.07475 0 4 1 0
0.07475 0 5 1 0
0.07475 0 6 1 0
0.07475 0 7 1 0
0.07475 0 8 1 0
0.07475 0 9 1 0
0.07475 0 10 1 0
0.07475 0 11 1 0
0.07475 0 12 1 0
0.07475 0 13 1 0
0.07475 0 14 1 0
0.07475 0 15 1 0
0.07475 0 16 1 0
0.07475 0 17 1 0
0.07475 0 1 1 0
0.07475 0 1 1 0
0.07475 0 2 1 0
0.07475 0 1 1 0
0.07475 0 3 1 0
0.07475 0 19 1 0
0.07475 0 20 1 0
0.075 0 21 1 0
0.075 0 22 1 0
0.075 0 23 1 0
0.075 0 24 1 0
0.075 0 25 1 0
0.075 0 26 1 0
0.075 0 27 1 0
0.075 0 28 1 0
0.075 0 29 1 0
0.075 0 30 1 0
0.075 0 31 1 0
0.075 0 32 1 0
0.075 0 33 1 0
0.0757144 10 66 3 0
0.0757144 1 1 3 0
0.0757145 34 67 3 0
0.0757145 12 2 3 0
0.0757146 42 69 3 0
0.0757146 13 2 3 0
0.0757147 57 68 3 0
0.0757147 17 4 3 0
0.0757148 19 4 3 0
0.075715 23 5 3 0
0.0757151 28 6 3 0
0.0757152 35 9 3 0
0.0757153 39 12 3 0
0.0757156 48 13 3 0
0.0757157 60 17 3 0
0.0762143 0 66 1 0
0.0762143 0 67 1 0
0.0762143 0 69 1 0
0.0762143 0 68 1 0
0.0762144 0 66 3 0
0.0762144 0 1 3 0
0.0762145 0 67 3 0
0.0762145 0 1 3 0
0.0762146 0 69 3 0
0.0762146 0 1 3 0
0.0762147 0 68 3 0
0.0762147 0 3 3 0
0.0762148 0 2 3 0
0.0762153 0 12 3 0
0.0762154 0 14 3 0
0.0762155 0 13 3 0
0.0762156 0 16 3 0
0.0762157 0 17 3 0
0.0762679 0 1 1 0
0.0762679 0 2 1 0
0.0762679 0 1 1 0
0.0762679 0 2 1 0
0.0762679 0 2 1 0
0.0762679 0 12 1 0
0.0762679 0 14 1 0
0.0762679 0 16 1 0
0.0762679 0 17 1 0
0.0762679 0 1 1 0
0.0762679 0 10 1 0
0.0762679 0 15 1 0
0.0762679 0 4 1 0
0.0762679 0 5 1 0
0.0762679 0 6 1 0
0.0762679 0 9 1 0
0.0762679 0 13 1 0
0.0762679 0 3 1 0
0.0762679 0 7 1 0
0.0762679 0 8 1 0
0.0762679 0 11 1 0
0.0762679 0 18 1 0
0.0762679 0 1 1 0
0.0762679 0 3 1 0
0.0762679 0 9 1 0
0.0762679 0 13 1 0
0.0762679 0 5 1 0
0.0762679 0 7 1 0
0.0762679 0 8 1 0
0.0762679 0 11 1 0
0.0762679 0 14 1 0
0.0762679 0 16 1 0
0.0762679 0 4 1 0
0.0762679 0 12 1 0
0.0762679 0 17 1 0
0.0762679 0 2 1 0
0.0762679 0 6 1 0
0.0762679 0 10 1 0
0.0762679 0 15 1 0
0.0762679 0 1 1 0
0.0762679 0 1 1 0
0.0762679 0 2 1 0
0.0762679 0 1 1 0
0.0762679 0 3 1 0
0.0762679 0 19 1 0
0.0762679 0 20 1 0
0.077 0 52 1 0
0.077 0 53 1 0
0.077 0 54 1 0
0.077 0 55 1 0
0.077 0 56 1 0
0.077 0 57 1 0
0.077 0 58 1 0
0.077 0 59 1 0
0.077 0 60 1 0
0.077 0 61 1 0
0.077 0 62 1 0
0.077 0 63 1 0
0.077 0 64 1 0
0.077 0 65 1 0
0.0772144 0 1 3 0
0.0772145 0 2 3 0
0.0772146 0 2 3 0
0.0772147 0 4 3 0
0.0772148 0 4 3 0
0.077215 0 5 3 0
0.0772151 0 6 3 0
0.0772152 0 9 3 0
0.0772153 0 12 3 0
0.0772156 0 13 3 0
0.0772157 0 17 3 0
0.0777144 3 24 3 0
0.0777144 10 3 3 0
0.0777145 11 33 3 0
0.0777145 34 19 3 0
0.0777146 16 28 3 0
0.0777147 24 29 3 0
0.0777148 26 32 3 0
0.0777149 31 23 3 0
0.077715 32 27 3 0
0.077715 38 25 3 0
0.0777151 40 26 3 0
0.0777152 51 22 3 0
0.0777153 53 21 3 0
0.0777154 59 30 3 0
0.0777155 61 31 3 0
0.0777679 46 20 3 0
0.0782143 0 24 1 0
0.0782143 0 33 1 0
0.0782143 0 28 1 0
0.0782143 0 29 1 0
0.0782143 0 32 1 0
0.0782143 0 23 1 0
0.0782143 0 27 1 0
0.0782143 0 25 1 0
0.0782143 0 26 1 0
0.0782143 0 22 1 0
0.0782143 0 21 1 0
0.0782143 0 30 1 0
0.0782143 0 31 1 0
0.0782144 0 24 3 0
0.0782145 0 33 3 0
0.0782146 0 28 3 0
0.0782147 0 29 3 0
0.0782148 0 32 3 0
0.0782149 0 23 3 0
0.078215 0 27 3 0
0.078215 0 25 3 0
0.0782151 0 26 3 0
0.0782152 0 22 3 0
0.0782153 0 21 3 0
0.0782154 0 30 3 0
0.0782155 0 31 3 0
0.0792144 0 3 3 0
0.0792145 0 19 3 0
0.0792679 0 20 3 0
0.0795001 0 9 3 0
0.0797144 2 54 3 0
0.0797144 3 1 3 0
0.0797145 4 65 3 0
0.0797145 11 1 3 0
0.0797146 7 57 3 0
0.0797147 9 59 3 0
0.0797148 18 62 3 0
0.0797148 26 5 3 0
0.0797149 27 53 3 0
0.0797149 31 7 3 0
0.079715 29 58 3 0
0.079715 32 8 3 0
0.079715 30 61 3 0
0.079715 38 11 3 0
0.0797151 36 56 3 0
0.0797151 40 10 3 0
0.0797152 37 52 3 0
0.0797152 51 14 3 0
0.0797153 41 63 3 0
0.0797153 53 15 3 0
0.0797154 52 64 3 0
0.0797154 59 16 3 0
0.0797155 56 55 3 0
0.0797156 63 60 3 0
0.08 0 1 1 0
0.08 0 2 1 0
0.08 0 3 1 0
0.08 0 4 1 0
0.08 0 5 1 0
0.08 0 6 1 0
0.08 0 7 1 0
0.08 0 8 1 0
0.08 0 9 1 0
0.08 0 10 1 0
0.08 0 11 1 0
0.08 0 12 1 0
0.08 0 13 1 0
0.08 0 14 1 0
0.08 0 15 1 0
0.08 0 16 1 0
0.0800001 33 9 3 0
0.0802143 0 54 1 0
0.0802143 0 65 1 0
0.0802143 0 57 1 0
0.0802143 0 59 1 0
0.0802143 0 62 1 0
0.0802143 0 53 1 0
0.0802143 0 58 1 0
0.0802143 0 61 1 0
0.0802143 0 56 1 0
0.0802143 0 52 1 0
0.0802143 0 63 1 0
0.0802143 0 64 1 0
0.0802143 0 55 1 0
0.0802143 0 60 1 0
0.0802144 0 54 3 0
0.0802145 0 65 3 0
0.0802146 0 57 3 0
0.0802147 0 59 3 0
0.0802148 0 62 3 0
0.0802149 0 53 3 0
0.080215 0 58 3 0
0.080215 0 61 3 0
0.0802151 0 56 3 0
0.0802152 0 52 3 0
0.0802153 0 63 3 0
0.0802154 0 64 3 0
0.0802155 0 55 3 0
0.0802156 0 60 3 0
0.081 0 34 1 0
0.081 0 35 1 0
0.081 0 36 1 0
0.081 0 37 1 0
0.081 0 38 1 0
0.081 0 39 1 0
0.081 0 40 1 0
0.081 0 41 1 0
0.081 0 42 1 0
0.081 0 43 1 0
0.081 0 44 1 0
0.081 0 45 1 0
0.081 0 46 1 0
0.081 0 47 1 0
0.081 0 48 1 0
0.081 0 49 1 0
0.0812144 0 1 3 0
0.0812145 0 1 3 0
0.0812148 0 5 3 0
0.0812149 0 7 3 0
0.081215 0 8 3 0
0.081215 0 11 3 0
0.0812151 0 10 3 0
0.0812152 0 14 3 0
0.0812153 0 15 3 0
0.0812154 0 16 3 0
0.0817144 2 2 3 0
0.0817145 4 1 3 0
0.0817147 9 2 3 0
0.0817148 18 3 3 0
0.0817149 27 6 3 0
0.081715 29 7 3 0
0.081715 30 8 3 0
0.0817152 37 10 3 0
0.0817153 41 11 3 0
0.0817154 52 15 3 0
0.0817156 63 18 3 0
0.0827144 5 16 3 0
0.0827145 6 2 3 0
0.0827146 8 4 3 0
0.0827147 14 13 3 0
0.0827148 15 8 3 0
0.0827149 20 6 3 0
0.082715 25 15 3 0
0.082715 33 7 3 0
0.0827151 43 11 3 0
0.0827152 45 10 3 0
0.0827153 47 1 3 0
0.0827154 49 3 3 0
0.0827155 50 9 3 0
0.0827156 54 12 3 0
0.0827156 55 5 3 0
0.0827157 62 14 3 0
0.083 0 66 1 0
0.083 0 67 1 0
0.083 0 68 1 0
0.083 0 69 1 0
0.0832143 0 16 1 0
0.0832143 0 2 1 0
0.0832143 0 4 1 0
0.0832143 0 13 1 0
0.0832143 0 8 1 0
0.0832143 0 6 1 0
0.0832143 0 15 1 0
0.0832143 0 7 1 0
0.0832143 0 11 1 0
0.0832143 0 10 1 0
0.0832143 0 1 1 0
0.0832143 0 3 1 0
0.0832143 0 9 1 0
0.0832143 0 12 1 0
0.0832143 0 5 1 0
0.0832143 0 14 1 0
0.0832144 0 16 3 0
0.0832144 0 2 3 0
0.0832145 0 2 3 0
0.0832145 0 1 3 0
0.0832146 0 4 3 0
0.0832147 0 13 3 0
0.0832147 0 2 3 0
0.0832148 0 8 3 0
0.0832148 0 3 3 0
0.0832149 0 6 3 0
0.0832149 0 6 3 0
0.083215 0 15 3 0
0.083215 0 7 3 0
0.083215 0 7 3 0
0.083215 0 8 3 0
0.0832151 0 11 3 0
0.0832152 0 10 3 0
0.0832152 0 10 3 0
0.0832153 0 1 3 0
0.0832153 0 11 3 0
0.0832154 0 3 3 0
0.0832154 0 15 3 0
0.0832155 0 9 3 0
0.0832156 0 12 3 0
0.0832156 0 18 3 0
0.0832156 0 5 3 0
0.0832157 0 14 3 0
0.0837144 1 44 3 0
0.0837145 12 41 3 0
0.0837146 13 42 3 0
0.0837147 17 46 3 0
0.0837148 19 40 3 0
0.0837149 21 35 3 0
0.083715 22 43 3 0
0.083715 23 49 3 0
0.0837151 28 48 3 0
0.0837152 35 38 3 0
0.0837153 39 39 3 0
0.0837154 44 37 3 0
0.0837155 46 36 3 0
0.0837156 48 34 3 0
0.0837156 58 47 3 0
0.0837157 60 45 3 0
0.0842143 0 44 1 0
0.0842143 0 41 1 0
0.0842143 0 42 1 0
0.0842143 0 46 1 0
0.0842143 0 40 1 0
0.0842143 0 35 1 0
0.0842143 0 43 1 0
0.0842143 0 49 1 0
0.0842143 0 48 1 0
0.0842143 0 38 1 0
0.0842143 0 39 1 0
0.0842143 0 37 1 0
0.0842143 0 36 1 0
0.0842143 0 34 1 0
0.0842143 0 47 1 0
0.0842143 0 45 1 0
0.0842144 0 44 3 0
0.0842145 0 41 3 0
0.0842146 0 42 3 0
0.0842147 0 46 3 0
0.0842148 0 40 3 0
0.0842149 0 35 3 0
0.084215 0 43 3 0
0.084215 0 49 3 0
0.0842151 0 48 3 0
0.0842152 0 38 3 0
0.0842153 0 39 3 0
0.0842154 0 37 3 0
0.0842155 0 36 3 0
0.0842156 0 34 3 0
0.0842156 0 47 3 0
0.0842157 0 45 3 0
0.0847144 5 1 3 0
0.0847145 6 1 3 0
0.0847146 8 1 3 0
0.0847147 14 3 3 0
0.0847148 15 2 3 0
0.0847153 47 12 3 0
0.0847154 49 14 3 0
0.0847155 50 13 3 0
0.0847156 54 16 3 0
0.0847157 62 17 3 0
0.08475 0 1 1 0
0.08475 0 2 1 0
0.08475 0 1 1 0
0.08475 0 2 1 0
0.08475 0 1 1 0
0.08475 0 2 1 0
0.08475 0 3 1 0
0.08475 0 4 1 0
0.08475 0 5 1 0
0.08475 0 6 1 0
0.08475 0 7 1 0
0.08475 0 8 1 0
0.08475 0 9 1 0
0.08475 0 10 1 0
0.08475 0 11 1 0
0.08475 0 12 1 0
0.08475 0 13 1 0
0.08475 0 14 1 0
0.08475 0 15 1 0
0.08475 0 16 1 0
0.08475 0 17 1 0
0.08475 0 18 1 0
0.08475 0 1 1 0
0.08475 0 2 1 0
0.08475 0 3 1 0
0.08475 0 4 1 0
0.08475 0 5 1 0
0.08475 0 6 1 0
0.08475 0 7 1 0
0.08475 0 8 1 0
0.08475 0 9 1 0
0.08475 0 10 1 0
0.08475 0 11 1 0
0.08475 0 12 1 0
0.08475 0 13 1 0
0.08475 0 14 1 0
0.08475 0 15 1 0
0.08475 0 16 1 0
0.08475 0 17 1 0
0.08475 0 1 1 0
0.08475 0 1 1 0
0.08475 0 2 1 0
0.08475 0 1 1 0
0.08475 0 3 1 0
0.08475 0 19 1 0
0.08475 0 20 1 0
0.085 0 21 1 0
0.085 0 22 1 0
0.085 0 23 1 0
0.085 0 24 1 0
0.085 0 25 1 0
0.085 0 26 1 0
0.085 0 27 1 0
0.085 0 28 1 0
0.085 0 29 1 0
0.085 0 30 1 0
0.085 0 31 1 0
0.085 0 32 1 0
0.085 0 33 1 0
0.0857144 10 66 3 0
0.0857144 1 1 3 0
0.0857145 34 67 3 0
0.0857145 12 2 3 0
0.0857146 42 69 3 0
0.0857146 13 2 3 0
0.0857147 57 68 3 0
0.0857147 17 4 3 0
0.0857148 19 4 3 0
0.085715 23 5 3 0
0.0857151 28 6 3 0
0.0857152 35 9 3 0
0.0857153 39 12 3 0
0.0857156 48 13 3 0
0.0857157 60 17 3 0
0.0862143 0 66 1 0
0.0862143 0 67 1 0
0.0862143 0 69 1 0
0.0862143 0 68 1 0
0.0862144 0 66 3 0
0.0862144 0 1 3 0
0.0862145 0 67 3 0
0.0862145 0 1 3 0
0.0862146 0 69 3 0
0.0862146 0 1 3 0
0.0862147 0 68 3 0
0.0862147 0 3 3 0
0.0862148 0 2 3 0
0.0862153 0 12 3 0
0.0862154 0 14 3 0
0.0862155 0 13 3 0
0.0862156 0 16 3 0
0.0862157 0 17 3 0
0.0862679 0 1 1 0
0.0862679 0 2 1 0
0.0862679 0 1 1 0
0.0862679 0 2 1 0
0.0862679 0 2 1 0
0.0862679 0 12 1 0
0.0862679 0 14 1 0
0.0862679 0 16 1 0
0.0862679 0 17 1 0
0.0862679 0 1 1 0
0.0862679 0 10 1 0
0.0862679 0 15 1 0
0.0862679 0 4 1 0
0.0862679 0 5 1 0
0.0862679 0 6 1 0
0.0862679 0 9 1 0
0.0862679 0 13 1 0
0.0862679 0 3 1 0
0.0862679 0 7 1 0
0.0862679 0 8 1 0
0.0862679 0 11 1 0
0.0862679 0 18 1 0
0.0862679 0 1 1 0
0.0862679 0 3 1 0
0.0862679 0 9 1 0
0.0862679 0 13 1 0
0.0862679 0 5 1 0
0.0862679 0 7 1 0
0.0862679 0 8 1 0
0.0862679 0 11 1 0
0.0862679 0 14 1 0
0.0862679 0 16 1 0
0.0862679 0 4 1 0
0.0862679 0 12 1 0
0.0862679 0 17 1 0
0.0862679 0 2 1 0
0.0862679 0 6 1 0
0.0862679 0 10 1 0
0.0862679 0 15 1 0
0.0862679 0 1 1 0
0.0862679 0 1 1 0
0.0862679 0 2 1 0
0.0862679 0 1 1 0
0.0862679 0 3 1 0
0.0862679 0 19 1 0
0.0862679 0 20 1 0
0.087 0 52 1 0
0.087 0 53 1 0
0.087 0 54 1 0
0.087 0 55 1 0
0.087 0 56 1 0
0.087 0 57 1 0
0.087 0 58 1 0
0.087 0 59 1 0
0.087 0 60 1 0
0.087 0 61 1 0
0.087 0 62 1 0
0.087 0 63 1 0
0.087 0 64 1 0
0.087 0 65 1 0
0.0872144 0 1 3 0
0.0872145 0 2 3 0
0.0872146 0 2 3 0
0.0872147 0 4 3 0
0.0872148 0 4 3 0
0.0872151 0 5 3 0
0.0872151 0 6 3 0
0.0872152 0 9 3 0
0.0872153 0 12 3 0
0.0872156 0 13 3 0
0.0872157 0 17 3 0
0.0877144 3 24 3 0
0.0877144 10 3 3 0
0.0877145 11 33 3 0
0.0877145 34 19 3 0
0.0877146 16 28 3 0
0.0877147 24 29 3 0
0.0877148 26 32 3 0
0.0877149 31 23 3 0
0.087715 32 27 3 0
0.087715 38 25 3 0
0.0877151 40 26 3 0
0.0877152 51 22 3 0
0.0877153 53 21 3 0
0.0877154 59 30 3 0
0.0877155 61 31 3 0
0.0877679 46 20 3 0
0.0882143 0 24 1 0
0.0882143 0 33 1 0
0.0882143 0 28 1 0
0.0882143 0 29 1 0
0.0882143 0 32 1 0
0.0882143 0 23 1 0
0.0882143 0 27 1 0
0.0882143 0 25 1 0
0.0882143 0 26 1 0
0.0882143 0 22 1 0
0.0882143 0 21 1 0
0.0882143 0 30 1 0
0.0882143 0 31 1 0
0.0882144 0 24 3 0
0.0882145 0 33 3 0
0.0882146 0 28 3 0
0.0882147 0 29 3 0
0.0882148 0 32 3 0
0.0882149 0 23 3 0
0.088215 0 27 3 0
0.088215 0 25 3 0
0.0882151 0 26 3 0
0.0882152 0 22 3 0
0.0882153 0 21 3 0
0.0882154 0 30 3 0
0.0882155 0 31 3 0
0.0883001 0 7 3 0
0.0888001 31 7 3 0
0.0892144 0 3 3 0
0.0892145 0 19 3 0
0.0892679 0 20 3 0
0.0895001 0 9 3 0
0.0897144 2 54 3 0
0.0897144 3 1 3 0
0.0897145 4 65 3 0
0.0897145 11 1 3 0
0.0897146 7 57 3 0
0.0897147 9 59 3 0
0.0897148 18 62 3 0
0.0897148 26 5 3 0
0.0897149 27 53 3 0
0.089715 29 58 3 0
0.089715 32 8 3 0
0.089715 30 61 3 0
0.089715 38 11 3 0
0.0897151 36 56 3 0
0.0897151 40 10 3 0
0.0897152 37 52 3 0
0.0897152 51 14 3 0
0.0897153 41 63 3 0
0.0897153 53 15 3 0
0.0897154 52 64 3 0
0.0897154 59 16 3 0
0.0897155 56 55 3 0
0.0897156 63 60 3 0
0.09 0 1 1 0
0.09 0 2 1 0
0.09 0 3 1 0
0.09 0 4 1 0
0.09 0 5 1 0
0.09 0 6 1 0
0.09 0 7 1 0
0.09 0 8 1 0
0.09 0 9 1 0
0.09 0 10 1 0
0.09 0 11 1 0
0.09 0 12 1 0
0.09 0 13 1 0
0.09 0 14 1 0
0.09 0 15 1 0
0.09 0 16 1 0
0.0900001 33 9 3 0
0.0902143 0 54 1 0
0.0902143 0 65 1 0
0.0902143 0 57 1 0
0.0902143 0 59 1 0
0.0902143 0 62 1 0
0.0902143 0 53 1 0
0.0902143 0 58 1 0
0.0902143 0 61 1 0
0.0902143 0 56 1 0
0.0902143 0 52 1 0
0.0902143 0 63 1 0
0.0902143 0 64 1 0
0.0902143 0 55 1 0
0.0902143 0 60 1 0
0.0902144 0 54 3 0
0.0902145 0 65 3 0
0.0902146 0 57 3 0
0.0902147 0 59 3 0
0.0902148 0 62 3 0
0.0902149 0 53 3 0
0.090215 0 58 3 0
0.090215 0 61 3 0
0.0902151 0 56 3 0
0.0902152 0 52 3 0
0.0902153 0 63 3 0
0.0902154 0 64 3 0
0.0902155 0 55 3 0
0.0902156 0 60 3 0
0.091 0 34 1 0
0.091 0 35 1 0
0.091 0 36 1 0
0.091 0 37 1 0
0.091 0 38 1 0
0.091 0 39 1 0
0.091 0 40 1 0
0.091 0 41 1 0
0.091 0 42 1 0
0.091 0 43 1 0
0.091 0 44 1 0
0.091 0 45 1 0
0.091 0 46 1 0
0.091 0 47 1 0
0.091 0 48 1 0
0.091 0 49 1 0
0.0912144 0 1 3 0
0.0912145 0 1 3 0
0.0912148 0 5 3 0
0.091215 0 8 3 0
0.0912151 0 11 3 0
0.0912151 0 10 3 0
0.0912152 0 14 3 0
0.0912153 0 15 3 0
0.0912154 0 16 3 0
0.0917144 2 2 3 0
0.0917145 4 1 3 0
0.0917147 9 2 3 0
0.0917148 18 3 3 0
0.0917149 27 6 3 0
0.091715 29 7 3 0
0.091715 30 8 3 0
0.0917152 37 10 3 0
0.0917153 41 11 3 0
0.0917154 52 15 3 0
0.0917156 63 18 3 0
0.0927144 5 16 3 0
0.0927145 6 2 3 0
0.0927146 8 4 3 0
0.0927147 14 13 3 0
0.0927148 15 8 3 0
0.0927149 20 6 3 0
0.092715 25 15 3 0
0.092715 33 7 3 0
0.0927151 43 11 3 0
0.0927152 45 10 3 0
0.0927153 47 1 3 0
0.0927154 49 3 3 0
0.0927155 50 9 3 0
0.0927156 54 12 3 0
0.0927156 55 5 3 0
0.0927157 62 14 3 0
0.093 0 66 1 0
0.093 0 67 1 0
0.093 0 68 1 0
0.093 0 69 1 0
0.0932143 0 16 1 0
0.0932143 0 2 1 0
0.0932143 0 4 1 0
0.0932143 0 13 1 0
0.0932143 0 8 1 0
0.0932143 0 6 1 0
0.0932143 0 15 1 0
0.0932143 0 7 1 0
0.0932143 0 11 1 0
0.0932143 0 10 1 0
0.0932143 0 1 1 0
0.0932143 0 3 1 0
0.0932143 0 9 1 0
0.0932143 0 12 1 0
0.0932143 0 5 1 0
0.0932143 0 14 1 0
0.0932144 0 16 3 0
0.0932144 0 2 3 0
0.0932145 0 2 3 0
0.0932145 0 1 3 0
0.0932146 0 4 3 0
0.0932147 0 13 3 0
0.0932147 0 2 3 0
0.0932148 0 8 3 0
0.0932148 0 3 3 0
0.0932149 0 6 3 0
0.0932149 0 6 3 0
0.093215 0 15 3 0
0.093215 0 7 3 0
0.093215 0 7 3 0
0.093215 0 8 3 0
0.0932151 0 11 3 0
0.0932152 0 10 3 0
0.0932152 0 10 3 0
0.0932153 0 1 3 0
0.0932153 0 11 3 0
0.0932154 0 3 3 0
0.0932154 0 15 3 0
0.0932155 0 9 3 0
0.0932156 0 12 3 0
0.0932156 0 18 3 0
0.0932156 0 5 3 0
0.0932157 0 14 3 0
0.0937144 1 44 3 0
0.0937145 12 41 3 0
0.0937146 13 42 3 0
0.0937147 17 46 3 0
0.0937148 19 40 3 0
0.0937149 21 35 3 0
0.093715 22 43 3 0
0.093715 23 49 3 0
0.0937151 28 48 3 0
0.0937152 35 38 3 0
0.0937153 39 39 3 0
0.0937154 44 37 3 0
0.0937155 46 36 3 0
0.0937156 48 34 3 0
0.0937156 58 47 3 0
0.0937157 60 45 3 0
0.0942143 0 44 1 0
0.0942143 0 41 1 0
0.0942143 0 42 1 0
0.0942143 0 46 1 0
0.0942143 0 40 1 0
0.0942143 0 35 1 0
0.0942143 0 43 1 0
0.0942143 0 49 1 0
0.0942143 0 48 1 0
0.0942143 0 38 1 0
0.0942143 0 39 1 0
0.0942143 0 37 1 0
0.0942143 0 36 1 0
0.0942143 0 34 1 0
0.0942143 0 47 1 0
0.0942143 0 45 1 0
0.0942144 0 44 3 0
0.0942145 0 41 3 0
0.0942146 0 42 3 0
0.0942147 0 46 3 0
0.0942148 0 40 3 0
0.0942149 0 35 3 0
0.094215 0 43 3 0
0.094215 0 49 3 0
0.0942151 0 48 3 0
0.0942152 0 38 3 0
0.0942153 0 39 3 0
0.0942154 0 37 3 0
0.0942155 0 36 3 0
0.0942156 0 34 3 0
0.0942156 0 47 3 0
0.0942157 0 45 3 0
0.0947144 5 1 3 0
0.0947145 6 1 3 0
0.0947146 8 1 3 0
0.0947147 14 3 3 0
0.0947148 15 2 3 0
0.0947153 47 12 3 0
0.0947154 49 14 3 0
0.0947155 50 13 3 0
0.0947156 54 16 3 0
0.0947157 62 17 3 0
0.09475 0 1 1 0
0.09475 0 2 1 0
0.09475 0 1 1 0
0.09475 0 2 1 0
0.09475 0 1 1 0
0.09475 0 2 1 0
0.09475 0 3 1 0
0.09475 0 4 1 0
0.09475 0 5 1 0
0.09475 0 6 1 0
0.09475 0 7 1 0
0.09475 0 8 1 0
0.09475 0 9 1 0
0.09475 0 10 1 0
0.09475 0 11 1 0
0.09475 0 12 1 0
0.09475 0 13 1 0
0.09475 0 14 1 0
0.09475 0 15 1 0
0.09475 0 16 1 0
0.09475 0 17 1 0
0.09475 0 18 1 0
0.09475 0 1 1 0
0.09475 0 2 1 0
0.09475 0 3 1 0
0.09475 0 4 1 0
0.09475 0 5 1 0
0.09475 0 6 1 0
0.09475 0 7 1 0
0.09475 0 8 1 0
0.09475 0 9 1 0
0.09475 0 10 1 0
0.09475 0 11 1 0
0.09475 0 12 1 0
0.09475 0 13 1 0
0.09475 0 14 1 0
0.09475 0 15 1 0
0.09475 0 16 1 0
0.09475 0 17 1 0
0.09475 0 1 1 0
0.09475 0 1 1 0
0.09475 0 2 1 0
0.09475 0 1 1 0
0.09475 0 3 1 0
0.09475 0 19 1 0
0.09475 0 20 1 0
0.095 0 21 1 0
0.095 0 22 1 0
0.095 0 23 1 0
0.095 0 24 1 0
0.095 0 25 1 0
0.095 0 26 1 0
0.095 0 27 1 0
0.095 0 28 1 0
0.095 0 29 1 0
0.095 0 30 1 0
0.095 0 31 1 0
0.095 0 32 1 0
0.095 0 33 1 0
0.0957144 10 66 3 0
0.0957144 1 1 3 0
0.0957145 34 67 3 0
0.0957145 12 2 3 0
0.0957146 42 69 3 0
0.0957146 13 2 3 0
0.0957147 57 68 3 0
0.0957147 17 4 3 0
0.0957148 19 4 3 0
0.095715 23 5 3 0
0.0957151 28 6 3 0
0.0957152 35 9 3 0
0.0957153 39 12 3 0
0.0957156 48 13 3 0
0.0957157 60 17 3 0
0.0962143 0 66 1 0
0.0962143 0 67 1 0
0.0962143 0 69 1 0
0.0962143 0 68 1 0
0.0962144 0 66 3 0
0.0962144 0 1 3 0
0.0962145 0 67 3 0
0.0962145 0 1 3 0
0.0962146 0 69 3 0
0.0962146 0 1 3 0
0.0962147 0 68 3 0
0.0962147 0 3 3 0
0.0962148 0 2 3 0
0.0962153 0 12 3 0
0.0962154 0 14 3 0
0.0962155 0 13 3 0
0.0962156 0 16 3 0
0.0962157 0 17 3 0
0.0962679 0 1 1 0
0.0962679 0 2 1 0
0.0962679 0 1 1 0
0.0962679 0 2 1 0
0.0962679 0 2 1 0
0.0962679 0 12 1 0
0.0962679 0 14 1 0
0.0962679 0 16 1 0
0.0962679 0 17 1 0
0.0962679 0 1 1 0
0.0962679 0 10 1 0
0.0962679 0 15 1 0
0.0962679 0 4 1 0
0.0962679 0 5 1 0
0.0962679 0 6 1 0
0.0962679 0 9 1 0
0.0962679 0 13 1 0
0.0962679 0 3 1 0
0.0962679 0 7 1 0
0.0962679 0 8 1 0
0.0962679 0 11 1 0
0.0962679 0 18 1 0
0.0962679 0 1 1 0
0.0962679 0 3 1 0
0.0962679 0 9 1 0
0.0962679 0 13 1 0
0.0962679 0 5 1 0
0.0962679 0 7 1 0
0.0962679 0 8 1 0
0.0962679 0 11 1 0
0.0962679 0 14 1 0
0.0962679 0 16 1 0
0.0962679 0 4 1 0
0.0962679 0 12 1 0
0.0962679 0 17 1 0
0.0962679 0 2 1 0
0.0962679 0 6 1 0
0.0962679 0 10 1 0
0.0962679 0 15 1 0
0.0962679 0 1 1 0
0.0962679 0 1 1 0
0.0962679 0 2 1 0
0.0962679 0 1 1 0
0.0962679 0 3 1 0
0.0962679 0 19 1 0
0.0962679 0 20 1 0
0.097 0 52 1 0
0.097 0 53 1 0
0.097 0 54 1 0
0.097 0 55 1 0
0.097 0 56 1 0
0.097 0 57 1 0
0.097 0 58 1 0
0.097 0 59 1 0
0.097 0 60 1 0
0.097 0 61 1 0
0.097 0 62 1 0
0.097 0 63 1 0
0.097 0 64 1 0
0.097 0 65 1 0
0.0972144 0 1 3 0
0.0972145 0 2 3 0
0.0972146 0 2 3 0
0.0972147 0 4 3 0
0.0972148 0 4 3 0
0.097215 0 5 3 0
0.0972151 0 6 3 0
0.0972152 0 9 3 0
0.0972153 0 12 3 0
0.0972156 0 13 3 0
0.0972157 0 17 3 0
0.0977144 3 24 3 0
0.0977144 10 3 3 0
0.0977145 11 33 3 0
0.0977145 34 19 3 0
0.0977146 16 28 3 0
0.0977147 24 29 3 0
0.0977148 26 32 3 0
0.097715 32 27 3 0
0.097715 38 25 3 0
0.0977151 40 26 3 0
0.0977152 51 22 3 0
0.0977153 53 21 3 0
0.0977154 59 30 3 0
0.0977155 61 31 3 0
0.0977679 46 20 3 0
0.0982143 0 24 1 0
0.0982143 0 33 1 0
0.0982143 0 28 1 0
0.0982143 0 29 1 0
0.0982143 0 32 1 0
0.0982143 0 23 1 0
0.0982143 0 27 1 0
0.0982143 0 25 1 0
0.0982143 0 26 1 0
0.0982143 0 22 1 0
0.0982143 0 21 1 0
0.0982143 0 30 1 0
0.0982143 0 31 1 0
0.0982144 0 24 3 0
0.0982145 0 33 3 0
0.0982146 0 28 3 0
0.0982147 0 29 3 0
0.0982148 0 32 3 0
0.098215 0 27 3 0
0.098215 0 25 3 0
0.0982151 0 26 3 0
0.0982152 0 22 3 0
0.0982153 0 21 3 0
0.0982154 0 30 3 0
0.0982155 0 31 3 0
0.0983001 0 7 3 0
0.0988001 31 7 3 0
0.0990001 31 23 3 0
0.0992144 0 3 3 0
0.0992145 0 19 3 0
0.0992679 0 20 3 0
0.0995001 0 9 3 0
0.0995001 0 23 3 0
0.0997144 2 54 3 0
0.0997144 3 1 3 0
0.0997145 4 65 3 0
0.0997145 11 1 3 0
0.0997146 7 57 3 0
0.0997147 9 59 3 0
0.0997148 18 62 3 0
0.0997148 26 5 3 0
0.0997149 27 53 3 0
0.099715 29 58 3 0
0.099715 32 8 3 0
0.099715 30 61 3 0
0.099715 38 11 3 0
0.0997151 36 56 3 0
0.0997151 40 10 3 0
0.0997152 37 52 3 0
0.0997152 51 14 3 0
0.0997153 41 63 3 0
0.0997153 53 15 3 0
0.0997154 52 64 3 0
0.0997154 59 16 3 0
0.0997155 56 55 3 0
0.0997156 63 60 3 0
0.1 0 1 1 0
0.1 0 2 1 0
0.1 0 3 1 0
0.1 0 4 1 0
0.1 0 5 1 0
0.1 0 6 1 0
0.1 0 7 1 0
0.1 0 8 1 0
0.1 0 9 1 0
0.1 0 10 1 0
0.1 0 11 1 0
0.1 0 12 1 0
0.1 0 13 1 0
0.1 0 14 1 0
0.1 0 15 1 0
0.1 0 16 1 0
0.1 33 9 3 0
0.100214 0 54 1 0
0.100214 0 65 1 0
0.100214 0 57 1 0
0.100214 0 59 1 0
0.100214 0 62 1 0
0.100214 0 53 1 0
0.100214 0 58 1 0
0.100214 0 61 1 0
0.100214 0 56 1 0
0.100214 0 52 1 0
0.100214 0 63 1 0
0.100214 0 64 1 0
0.100214 0 55 1 0
0.100214 0 60 1 0
0.100214 0 54 3 0
0.100215 0 65 3 0
0.100215 0 57 3 0
0.100215 0 59 3 0
0.100215 0 62 3 0
0.100215 0 53 3 0
0.100215 0 58 3 0
0.100215 0 61 3 0
0.100215 0 56 3 0
0.100215 0 52 3 0
0.100215 0 63 3 0
0.100215 0 64 3 0
0.100215 0 55 3 0
0.100216 0 60 3 0
0.101 0 34 1 0
0.101 0 35 1 0
0.101 0 36 1 0
0.101 0 37 1 0
0.101 0 38 1 0
0.101 0 39 1 0
0.101 0 40 1 0
0.101 0 41 1 0
0.101 0 42 1 0
0.101 0 43 1 0
0.101 0 44 1 0
0.101 0 45 1 0
0.101 0 46 1 0
0.101 0 47 1 0
0.101 0 48 1 0
0.101 0 49 1 0
0.1011 0 14 3 0
0.101214 0 1 3 0
0.101215 0 1 3 0
0.101215 0 5 3 0
0.101215 0 8 3 0
0.101215 0 11 3 0
0.101215 0 10 3 0
0.101215 0 14 3 0
0.101215 0 15 3 0
0.101215 0 16 3 0
0.1016 49 14 3 0
0.101714 2 2 3 0
0.101715 4 1 3 0
0.101715 9 2 3 0
0.101715 18 3 3 0
0.101715 27 6 3 0
0.101715 29 7 3 0
0.101715 30 8 3 0
0.101715 37 10 3 0
0.101715 41 11 3 0
0.101715 52 15 3 0
0.101716 63 18 3 0
0.102714 5 16 3 0
0.102715 6 2 3 0
0.102715 8 4 3 0
0.102715 14 13 3 0
0.102715 15 8 3 0
0.102715 20 6 3 0
0.102715 25 15 3 0
0.102715 33 7 3 0
0.102715 43 11 3 0
0.102715 45 10 3 0
0.102715 47 1 3 0
0.102715 49 3 3 0
0.102715 50 9 3 0
0.102716 54 12 3 0
0.102716 55 5 3 0
0.102716 62 14 3 0
0.103 0 66 1 0
0.103 0 67 1 0
0.103 0 68 1 0
0.103 0 69 1 0
0.103214 0 16 1 0
0.103214 0 2 1 0
0.103214 0 4 1 0
0.103214 0 13 1 0
0.103214 0 8 1 0
0.103214 0 6 1 0
0.103214 0 15 1 0
0.103214 0 7 1 0
0.103214 0 11 1 0
0.103214 0 10 1 0
0.103214 0 1 1 0
0.103214 0 3 1 0
0.103214 0 9 1 0
0.103214 0 12 1 0
0.103214 0 5 1 0
0.103214 0 14 1 0
0.103214 0 16 3 0
0.103214 0 2 3 0
0.103215 0 2 3 0
0.103215 0 1 3 0
0.103215 0 4 3 0
0.103215 0 13 3 0
0.103215 0 2 3 0
0.103215 0 8 3 0
0.103215 0 3 3 0
0.103215 0 6 3 0
0.103215 0 6 3 0
0.103215 0 15 3 0
0.103215 0 7 3 0
0.103215 0 7 3 0
0.103215 0 8 3 0
0.103215 0 11 3 0
0.103215 0 10 3 0
0.103215 0 10 3 0
0.103215 0 1 3 0
0.103215 0 11 3 0
0.103215 0 3 3 0
0.103215 0 15 3 0
0.103215 0 9 3 0
0.103216 0 12 3 0
0.103216 0 18 3 0
0.103216 0 5 3 0
0.103216 0 14 3 0
0.103714 1 44 3 0
0.103715 12 41 3 0
0.103715 13 42 3 0
0.103715 17 46 3 0
0.103715 19 40 3 0
0.103715 21 35 3 0
0.103715 22 43 3 0
0.103715 23 49 3 0
0.103715 28 48 3 0
0.103715 35 38 3 0
0.103715 39 39 3 0
0.103715 44 37 3 0
0.103715 46 36 3 0
0.103716 48 34 3 0
0.103716 58 47 3 0
0.103716 60 45 3 0
0.104214 0 44 1 0
0.104214 0 41 1 0
0.104214 0 42 1 0
0.104214 0 46 1 0
0.104214 0 40 1 0
0.104214 0 35 1 0
0.104214 0 43 1 0
0.104214 0 49 1 0
0.104214 0 48 1 0
0.104214 0 38 1 0
0.104214 0 39 1 0
0.104214 0 37 1 0
0.104214 0 36 1 0
0.104214 0 34 1 0
0.104214 0 47 1 0
0.104214 0 45 1 0
0.104214 0 44 3 0
0.104215 0 41 3 0
0.104215 0 42 3 0
0.104215 0 46 3 0
0.104215 0 40 3 0
0.104215 0 35 3 0
0.104215 0 43 3 0
0.104215 0 49 3 0
0.104215 0 48 3 0
0.104215 0 38 3 0
0.104215 0 39 3 0
0.104215 0 37 3 0
0.104215 0 36 3 0
0.104216 0 34 3 0
0.104216 0 47 3 0
0.104216 0 45 3 0
0.104714 5 1 3 0
0.104715 6 1 3 0
0.104715 8 1 3 0
0.104715 14 3 3 0
0.104715 15 2 3 0
0.104715 47 12 3 0
0.104715 50 13 3 0
0.104716 54 16 3 0
0.104716 62 17 3 0
0.10475 0 1 1 0
0.10475 0 2 1 0
0.10475 0 1 1 0
0.10475 0 2 1 0
0.10475 0 1 1 0
0.10475 0 2 1 0
0.10475 0 3 1 0
0.10475 0 4 1 0
0.10475 0 5 1 0
0.10475 0 6 1 0
0.10475 0 7 1 0
0.10475 0 8 1 0
0.10475 0 9 1 0
0.10475 0 10 1 0
0.10475 0 11 1 0
0.10475 0 12 1 0
0.10475 0 13 1 0
0.10475 0 14 1 0
0.10475 0 15 1 0
0.10475 0 16 1 0
0.10475 0 17 1 0
0.10475 0 18 1 0
0.10475 0 1 1 0
0.10475 0 2 1 0
0.10475 0 3 1 0
0.10475 0 4 1 0
0.10475 0 5 1 0
0.10475 0 6 1 0
0.10475 0 7 1 0
0.10475 0 8 1 0
0.10475 0 9 1 0
0.10475 0 10 1 0
0.10475 0 11 1 0
0.10475 0 12 1 0
0.10475 0 13 1 0
0.10475 0 14 1 0
0.10475 0 15 1 0
0.10475 0 16 1 0
0.10475 0 17 1 0
0.10475 0 1 1 0
0.10475 0 1 1 0
0.10475 0 2 1 0
0.10475 0 1 1 0
0.10475 0 3 1 0
0.10475 0 19 1 0
0.10475 0 20 1 0
0.10475 0 21 1 0
0.105 0 21 1 0
0.105 0 22 1 0
0.105 0 23 1 0
0.105 0 24 1 0
0.105 0 25 1 0
0.105 0 26 1 0
0.105 0 27 1 0
0.105 0 28 1 0
0.105 0 29 1 0
0.105 0 30 1 0
0.105 0 31 1 0
0.105 0 32 1 0
0.105 0 33 1 0
0.1054 49 3 3 0
0.105714 10 66 3 0
0.105714 1 1 3 0
0.105715 34 67 3 0
0.105715 12 2 3 0
0.105715 42 69 3 0
0.105715 13 2 3 0
0.105715 57 68 3 0
0.105715 17 4 3 0
0.105715 19 4 3 0
0.105715 23 5 3 0
0.105715 28 6 3 0
0.105715 35 9 3 0
0.105716 48 13 3 0
0.105716 60 17 3 0
0.1059 0 7 3 0
0.1059 0 12 3 0
0.1059 0 3 3 0
0.106214 0 66 1 0
0.106214 0 67 1 0
0.106214 0 69 1 0
0.106214 0 68 1 0
0.106214 0 66 3 0
0.106214 0 1 3 0
0.106215 0 67 3 0
0.106215 0 1 3 0
0.106215 0 69 3 0
0.106215 0 1 3 0
0.106215 0 68 3 0
0.106215 0 3 3 0
0.106215 0 2 3 0
0.106215 0 12 3 0
0.106215 0 13 3 0
0.106216 0 16 3 0
0.106216 0 17 3 0
0.106268 0 1 1 0
0.106268 0 2 1 0
0.106268 0 1 1 0
0.106268 0 2 1 0
0.106268 0 2 1 0
0.106268 0 12 1 0
0.106268 0 14 1 0
0.106268 0 16 1 0
0.106268 0 17 1 0
0.106268 0 1 1 0
0.106268 0 10 1 0
0.106268 0 15 1 0
0.106268 0 4 1 0
0.106268 0 5 1 0
0.106268 0 6 1 0
0.106268 0 9 1 0
0.106268 0 13 1 0
0.106268 0 3 1 0
0.106268 0 7 1 0
0.106268 0 8 1 0
0.106268 0 11 1 0
0.106268 0 18 1 0
0.106268 0 1 1 0
0.106268 0 3 1 0
0.106268 0 9 1 0
0.106268 0 13 1 0
0.106268 0 5 1 0
0.106268 0 7 1 0
0.106268 0 8 1 0
0.106268 0 11 1 0
0.106268 0 14 1 0
0.106268 0 16 1 0
0.106268 0 4 1 0
0.106268 0 12 1 0
0.106268 0 17 1 0
0.106268 0 2 1 0
0.106268 0 6 1 0
0.106268 0 10 1 0
0.106268 0 15 1 0
0.106268 0 1 1 0
0.106268 0 1 1 0
0.106268 0 2 1 0
0.106268 0 1 1 0
0.106268 0 3 1 0
0.106268 0 19 1 0
0.106268 0 20 1 0
0.106268 0 21 1 0
0.1064 31 7 3 0
0.1064 39 12 3 0
0.107 0 52 1 0
0.107 0 53 1 0
0.107 0 54 1 0
0.107 0 55 1 0
0.107 0 56 1 0
0.107 0 57 1 0
0.107 0 58 1 0
0.107 0 59 1 0
0.107 0 60 1 0
0.107 0 61 1 0
0.107 0 62 1 0
0.107 0 63 1 0
0.107 0 64 1 0
0.107 0 65 1 0
0.107214 0 1 3 0
0.107215 0 2 3 0
0.107215 0 2 3 0
0.107215 0 4 3 0
0.107215 0 4 3 0
0.107215 0 5 3 0
0.107215 0 6 3 0
0.107215 0 9 3 0
0.107216 0 13 3 0
0.107216 0 17 3 0
0.107714 3 24 3 0
0.107714 10 3 3 0
0.107715 11 33 3 0
0.107715 34 19 3 0
0.107715 16 28 3 0
0.107715 24 29 3 0
0.107715 26 32 3 0
0.107715 32 27 3 0
0.107715 38 25 3 0
0.107715 40 26 3 0
0.107715 51 22 3 0
0.107715 53 21 3 0
0.107715 59 30 3 0
0.107715 61 31 3 0
0.107768 46 20 3 0
0.107768 61 21 3 0
0.108214 0 24 1 0
0.108214 0 33 1 0
0.108214 0 28 1 0
0.108214 0 29 1 0
0.108214 0 32 1 0
0.108214 0 23 1 0
0.108214 0 27 1 0
0.108214 0 25 1 0
0.108214 0 26 1 0
0.108214 0 22 1 0
0.108214 0 21 1 0
0.108214 0 30 1 0
0.108214 0 31 1 0
0.108214 0 24 3 0
0.108215 0 33 3 0
0.108215 0 28 3 0
0.108215 0 29 3 0
0.108215 0 32 3 0
0.108215 0 27 3 0
0.108215 0 25 3 0
0.108215 0 26 3 0
0.108215 0 22 3 0
0.108215 0 21 3 0
0.108215 0 30 3 0
0.108215 0 31 3 0
0.109 31 23 3 0
0.109214 0 3 3 0
0.109215 0 19 3 0
0.109268 0 20 3 0
0.109268 0 21 3 0
0.1095 0 9 3 0
0.1095 0 23 3 0
0.109714 2 54 3 0
0.109714 3 1 3 0
0.109715 4 65 3 0
0.109715 11 1 3 0
0.109715 7 57 3 0
0.109715 9 59 3 0
0.109715 18 62 3 0
0.109715 26 5 3 0
0.109715 27 53 3 0
0.109715 29 58 3 0
0.109715 32 8 3 0
0.109715 30 61 3 0
0.109715 38 11 3 0
0.109715 36 56 3 0
0.109715 40 10 3 0
0.109715 37 52 3 0
0.109715 51 14 3 0
0.109715 41 63 3 0
0.109715 53 15 3 0
0.109715 52 64 3 0
0.109715 59 16 3 0
0.109715 56 55 3 0
0.109716 63 60 3 0
0.11 0 1 1 0
0.11 0 2 1 0
0.11 0 3 1 0
0.11 0 4 1 0
0.11 0 5 1 0
0.11 0 6 1 0
0.11 0 7 1 0
0.11 0 8 1 0
0.11 0 9 1 0
0.11 0 10 1 0
0.11 0 11 1 0
0.11 0 12 1 0
0.11 0 13 1 0
0.11 0 14 1 0
0.11 0 15 1 0
0.11 0 16 1 0
0.11 33 9 3 0
0.110214 0 54 1 0
0.110214 0 65 1 0
0.110214 0 57 1 0
0.110214 0 59 1 0
0.110214 0 62 1 0
0.110214 0 53 1 0
0.110214 0 58 1 0
0.110214 0 61 1 0
0.110214 0 56 1 0
0.110214 0 52 1 0
0.110214 0 63 1 0
0.110214 0 64 1 0
0.110214 0 55 1 0
0.110214 0 60 1 0
0.110214 0 54 3 0
0.110215 0 65 3 0
0.110215 0 57 3 0
0.110215 0 59 3 0
0.110215 0 62 3 0
0.110215 0 53 3 0
0.110215 0 58 3 0
0.110215 0 61 3 0
0.110215 0 56 3 0
0.110215 0 52 3 0
0.110215 0 63 3 0
0.110215 0 64 3 0
0.110215 0 55 3 0
0.110216 0 60 3 0
0.111 0 34 1 0
0.111 0 35 1 0
0.111 0 36 1 0
0.111 0 37 1 0
0.111 0 38 1 0
0.111 0 39 1 0
0.111 0 40 1 0
0.111 0 41 1 0
0.111 0 42 1 0
0.111 0 43 1 0
0.111 0 44 1 0
0.111 0 45 1 0
0.111 0 46 1 0
0.111 0 47 1 0
0.111 0 48 1 0
0.111 0 49 1 0
0.1111 0 14 3 0
0.111214 0 1 3 0
0.111215 0 1 3 0
0.111215 0 5 3 0
0.111215 0 8 3 0
0.111215 0 11 3 0
0.111215 0 10 3 0
0.111215 0 14 3 0
0.111215 0 15 3 0
0.111215 0 16 3 0
0.1116 49 14 3 0
0.111714 2 2 3 0
0.111715 4 1 3 0
0.111715 9 2 3 0
0.111715 18 3 3 0
0.111715 27 6 3 0
0.111715 29 7 3 0
0.111715 30 8 3 0
0.111715 37 10 3 0
0.111715 41 11 3 0
0.111715 52 15 3 0
0.111716 63 18 3 0
0.112714 5 16 3 0
0.112715 6 2 3 0
0.112715 8 4 3 0
0.112715 14 13 3 0
0.112715 15 8 3 0
0.112715 20 6 3 0
0.112715 25 15 3 0
0.112715 33 7 3 0
0.112715 43 11 3 0
0.112715 45 10 3 0
0.112715 47 1 3 0
0.112715 50 9 3 0
0.112716 54 12 3 0
0.112716 55 5 3 0
0.112716 62 14 3 0
0.113 0 66 1 0
0.113 0 67 1 0
0.113 0 68 1 0
0.113 0 69 1 0
0.113214 0 16 1 0
0.113214 0 2 1 0
0.113214 0 4 1 0
0.113214 0 13 1 0
0.113214 0 8 1 0
0.113214 0 6 1 0
0.113214 0 15 1 0
0.113214 0 7 1 0
0.113214 0 11 1 0
0.113214 0 10 1 0
0.113214 0 1 1 0
0.113214 0 3 1 0
0.113214 0 9 1 0
0.113214 0 12 1 0
0.113214 0 5 1 0
0.113214 0 14 1 0
0.113214 0 16 3 0
0.113214 0 2 3 0
0.113215 0 2 3 0
0.113215 0 1 3 0
0.113215 0 4 3 0
0.113215 0 13 3 0
0.113215 0 2 3 0
0.113215 0 8 3 0
0.113215 0 3 3 0
0.113215 0 6 3 0
0.113215 0 6 3 0
0.113215 0 15 3 0
0.113215 0 7 3 0
0.113215 0 7 3 0
0.113215 0 8 3 0
0.113215 0 11 3 0
0.113215 0 10 3 0
0.113215 0 10 3 0
0.113215 0 1 3 0
0.113215 0 11 3 0
0.113215 0 15 3 0
0.113215 0 9 3 0
0.113216 0 12 3 0
0.113216 0 18 3 0
0.113216 0 5 3 0
0.113216 0 14 3 0
0.113714 1 44 3 0
0.113715 12 41 3 0
0.113715 13 42 3 0
0.113715 17 46 3 0
0.113715 19 40 3 0
0.113715 21 35 3 0
0.113715 22 43 3 0
0.113715 23 49 3 0
0.113715 28 48 3 0
0.113715 35 38 3 0
0.113715 39 39 3 0
0.113715 44 37 3 0
0.113715 46 36 3 0
0.113716 48 34 3 0
0.113716 58 47 3 0
0.113716 60 45 3 0
0.114214 0 44 1 0
0.114214 0 41 1 0
0.114214 0 42 1 0
0.114214 0 46 1 0
0.114214 0 40 1 0
0.114214 0 35 1 0
0.114214 0 43 1 0
0.114214 0 49 1 0
0.114214 0 48 1 0
0.114214 0 38 1 0
0.114214 0 39 1 0
0.114214 0 37 1 0
0.114214 0 36 1 0
0.114214 0 34 1 0
0.114214 0 47 1 0
0.114214 0 45 1 0
0.114214 0 44 3 0
0.114215 0 41 3 0
0.114215 0 42 3 0
0.114215 0 46 3 0
0.114215 0 40 3 0
0.114215 0 35 3 0
0.114215 0 43 3 0
0.114215 0 49 3 0
0.114215 0 48 3 0
0.114215 0 38 3 0
0.114215 0 39 3 0
0.114215 0 37 3 0
0.114215 0 36 3 0
0.114216 0 34 3 0
0.114216 0 47 3 0
0.114216 0 45 3 0
0.114714 5 1 3 0
0.114715 6 1 3 0
0.114715 8 1 3 0
0.114715 14 3 3 0
0.114715 15 2 3 0
0.114715 47 12 3 0
0.114715 50 13 3 0
0.114716 54 16 3 0
0.114716 62 17 3 0
0.11475 0 1 1 0
0.11475 0 2 1 0
0.11475 0 1 1 0
0.11475 0 2 1 0
0.11475 0 1 1 0
0.11475 0 2 1 0
0.11475 0 3 1 0
0.11475 0 4 1 0
0.11475 0 5 1 0
0.11475 0 6 1 0
0.11475 0 7 1 0
0.11475 0 8 1 0
0.11475 0 9 1 0
0.11475 0 10 1 0
0.11475 0 11 1 0
0.11475 0 12 1 0
0.11475 0 13 1 0
0.11475 0 14 1 0
0.11475 0 15 1 0
0.11475 0 16 1 0
0.11475 0 17 1 0
0.11475 0 18 1 0
0.11475 0 1 1 0
0.11475 0 2 1 0
0.11475 0 3 1 0
0.11475 0 4 1 0
0.11475 0 5 1 0
0.11475 0 6 1 0
0.11475 0 7 1 0
0.11475 0 8 1 0
0.11475 0 9 1 0
0.11475 0 10 1 0
0.11475 0 11 1 0
0.11475 0 12 1 0
0.11475 0 13 1 0
0.11475 0 14 1 0
0.11475 0 15 1 0
0.11475 0 16 1 0
0.11475 0 17 1 0
0.11475 0 1 1 0
0.11475 0 1 1 0
0.11475 0 2 1 0
0.11475 0 1 1 0
0.11475 0 3 1 0
0.11475 0 19 1 0
0.11475 0 20 1 0
0.11475 0 21 1 0
0.115 0 21 1 0
0.115 0 22 1 0
0.115 0 23 1 0
0.115 0 24 1 0
0.115 0 25 1 0
0.115 0 26 1 0
0.115 0 27 1 0
0.115 0 28 1 0
0.115 0 29 1 0
0.115 0 30 1 0
0.115 0 31 1 0
0.115 0 32 1 0
0.115 0 33 1 0
0.1154 49 3 3 0
0.1155 0 2 3 0
0.115714 10 66 3 0
0.115715 34 67 3 0
0.115715 12 2 3 0
0.115715 42 69 3 0
0.115715 57 68 3 0
0.115715 17 4 3 0
0.115715 19 4 3 0
0.115715 23 5 3 0
0.115715 28 6 3 0
0.115715 35 9 3 0
0.115716 48 13 3 0
0.115716 60 17 3 0
0.1159 0 7 3 0
0.1159 0 12 3 0
0.1159 0 3 3 0
0.116 13 2 3 0
0.116214 0 66 1 0
0.116214 0 67 1 0
0.116214 0 69 1 0
0.116214 0 68 1 0
0.116214 0 66 3 0
0.116214 0 1 3 0
0.116215 0 67 3 0
0.116215 0 1 3 0
0.116215 0 69 3 0
0.116215 0 1 3 0
0.116215 0 68 3 0
0.116215 0 3 3 0
0.116215 0 2 3 0
0.116215 0 12 3 0
0.116215 0 13 3 0
0.116216 0 16 3 0
0.116216 0 17 3 0
0.116268 0 1 1 0
0.116268 0 2 1 0
0.116268 0 1 1 0
0.116268 0 2 1 0
0.116268 0 2 1 0
0.116268 0 12 1 0
0.116268 0 14 1 0
0.116268 0 16 1 0
0.116268 0 17 1 0
0.116268 0 1 1 0
0.116268 0 10 1 0
0.116268 0 15 1 0
0.116268 0 4 1 0
0.116268 0 5 1 0
0.116268 0 6 1 0
0.116268 0 9 1 0
0.116268 0 13 1 0
0.116268 0 3 1 0
0.116268 0 7 1 0
0.116268 0 8 1 0
0.116268 0 11 1 0
0.116268 0 18 1 0
0.116268 0 1 1 0
0.116268 0 3 1 0
0.116268 0 9 1 0
0.116268 0 13 1 0
0.116268 0 5 1 0
0.116268 0 7 1 0
0.116268 0 8 1 0
0.116268 0 11 1 0
0.116268 0 14 1 0
0.116268 0 16 1 0
0.116268 0 4 1 0
0.116268 0 12 1 0
0.116268 0 17 1 0
0.116268 0 2 1 0
0.116268 0 6 1 0
0.116268 0 10 1 0
0.116268 0 15 1 0
0.116268 0 1 1 0
0.116268 0 1 1 0
0.116268 0 2 1 0
0.116268 0 1 1 0
0.116268 0 3 1 0
0.116268 0 19 1 0
0.116268 0 20 1 0
0.116268 0 21 1 0
0.1164 31 7 3 0
0.1164 39 12 3 0
0.117 0 52 1 0
0.117 0 53 1 0
0.117 0 54 1 0
0.117 0 55 1 0
0.117 0 56 1 0
0.117 0 57 1 0
0.117 0 58 1 0
0.117 0 59 1 0
0.117 0 60 1 0
0.117 0 61 1 0
0.117 0 62 1 0
0.117 0 63 1 0
0.117 0 64 1 0
0.117 0 65 1 0
0.1171 0 1 3 0
0.117215 0 2 3 0
0.117215 0 4 3 0
0.117215 0 4 3 0
0.117215 0 5 3 0
0.117215 0 6 3 0
0.117215 0 9 3 0
0.117216 0 13 3 0
0.117216 0 17 3 0
0.1176 1 1 3 0
0.117714 3 24 3 0
0.117714 10 3 3 0
0.117715 11 33 3 0
0.117715 34 19 3 0
0.117715 16 28 3 0
0.117715 24 29 3 0
0.117715 26 32 3 0
0.117715 32 27 3 0
0.117715 38 25 3 0
0.117715 40 26 3 0
0.117715 51 22 3 0
0.117715 53 21 3 0
0.117715 59 30 3 0
0.117715 61 31 3 0
0.117768 46 20 3 0
0.117768 61 21 3 0
0.118214 0 24 1 0
0.118214 0 33 1 0
0.118214 0 28 1 0
0.118214 0 29 1 0
0.118214 0 32 1 0
0.118214 0 23 1 0
0.118214 0 27 1 0
0.118214 0 25 1 0
0.118214 0 26 1 0
0.118214 0 22 1 0
0.118214 0 21 1 0
0.118214 0 30 1 0
0.118214 0 31 1 0
0.118214 0 24 3 0
0.118215 0 33 3 0
0.118215 0 28 3 0
0.118215 0 29 3 0
0.118215 0 32 3 0
0.118215 0 27 3 0
0.118215 0 25 3 0
0.118215 0 26 3 0
0.118215 0 22 3 0
0.118215 0 21 3 0
0.118215 0 30 3 0
0.118215 0 31 3 0
0.119 31 23 3 0
0.119214 0 3 3 0
0.119268 0 20 3 0
0.119268 0 21 3 0
0.1195 0 9 3 0
0.1195 0 23 3 0
0.119714 2 54 3 0
0.119714 3 1 3 0
0.119715 4 65 3 0
0.119715 11 1 3 0
0.119715 7 57 3 0
0.119715 9 59 3 0
0.119715 18 62 3 0
0.119715 26 5 3 0
0.119715 27 53 3 0
0.119715 29 58 3 0
0.119715 32 8 3 0
0.119715 30 61 3 0
0.119715 38 11 3 0
0.119715 36 56 3 0
0.119715 40 10 3 0
0.119715 37 52 3 0
0.119715 51 14 3 0
0.119715 41 63 3 0
0.119715 53 15 3 0
0.119715 52 64 3 0
0.119715 59 16 3 0
0.119715 56 55 3 0
0.119716 63 60 3 0
0.12 0 1 1 0
0.12 0 2 1 0
0.12 0 3 1 0
0.12 0 4 1 0
0.12 0 5 1 0
0.12 0 6 1 0
0.12 0 7 1 0
0.12 0 8 1 0
0.12 0 9 1 0
0.12 0 10 1 0
0.12 0 11 1 0
0.12 0 12 1 0
0.12 0 13 1 0
0.12 0 14 1 0
0.12 0 15 1 0
0.12 0 16 1 0
0.12 33 9 3 0
0.120214 0 54 1 0
0.120214 0 65 1 0
0.120214 0 57 1 0
0.120214 0 59 1 0
0.120214 0 62 1 0
0.120214 0 53 1 0
0.120214 0 58 1 0
0.120214 0 61 1 0
0.120214 0 56 1 0
0.120214 0 52 1 0
0.120214 0 63 1 0
0.120214 0 64 1 0
0.120214 0 55 1 0
0.120214 0 60 1 0
0.120214 0 54 3 0
0.120215 0 65 3 0
0.120215 0 57 3 0
0.120215 0 59 3 0
0.120215 0 62 3 0
0.120215 0 53 3 0
0.120215 0 58 3 0
0.120215 0 61 3 0
0.120215 0 56 3 0
0.120215 0 52 3 0
0.120215 0 63 3 0
0.120215 0 64 3 0
0.120215 0 55 3 0
0.120216 0 60 3 0
0.1203 0 19 3 0
0.1208 34 19 3 0
0.121 0 34 1 0
0.121 0 35 1 0
0.121 0 36 1 0
0.121 0 37 1 0
0.121 0 38 1 0
0.121 0 39 1 0
0.121 0 40 1 0
0.121 0 41 1 0
0.121 0 42 1 0
0.121 0 43 1 0
0.121 0 44 1 0
0.121 0 45 1 0
0.121 0 46 1 0
0.121 0 47 1 0
0.121 0 48 1 0
0.121 0 49 1 0
0.1211 0 14 3 0
0.121214 0 1 3 0
0.121215 0 1 3 0
0.121215 0 5 3 0
0.121215 0 8 3 0
0.121215 0 11 3 0
0.121215 0 10 3 0
0.121215 0 14 3 0
0.121215 0 15 3 0
0.121215 0 16 3 0
0.1216 49 14 3 0
0.121714 2 2 3 0
0.121715 4 1 3 0
0.121715 9 2 3 0
0.121715 18 3 3 0
0.121715 27 6 3 0
0.121715 29 7 3 0
0.121715 30 8 3 0
0.121715 37 10 3 0
0.121715 41 11 3 0
0.121715 52 15 3 0
0.121716 63 18 3 0
0.122714 5 16 3 0
0.122715 6 2 3 0
0.122715 8 4 3 0
0.122715 14 13 3 0
0.122715 15 8 3 0
0.122715 20 6 3 0
0.122715 25 15 3 0
0.122715 33 7 3 0
0.122715 43 11 3 0
0.122715 45 10 3 0
0.122715 47 1 3 0
0.122715 50 9 3 0
0.122716 54 12 3 0
0.122716 55 5 3 0
0.122716 62 14 3 0
0.123 0 66 1 0
0.123 0 67 1 0
0.123 0 68 1 0
0.123 0 69 1 0
0.123214 0 16 1 0
0.123214 0 2 1 0
0.123214 0 4 1 0
0.123214 0 13 1 0
0.123214 0 8 1 0
0.123214 0 6 1 0
0.123214 0 15 1 0
0.123214 0 7 1 0
0.123214 0 11 1 0
0.123214 0 10 1 0
0.123214 0 1 1 0
0.123214 0 3 1 0
0.123214 0 9 1 0
0.123214 0 12 1 0
0.123214 0 5 1 0
0.123214 0 14 1 0
0.123214 0 16 3 0
0.123214 0 2 3 0
0.123215 0 2 3 0
0.123215 0 1 3 0
0.123215 0 4 3 0
0.123215 0 13 3 0
0.123215 0 2 3 0
0.123215 0 8 3 0
0.123215 0 3 3 0
0.123215 0 6 3 0
0.123215 0 6 3 0
0.123215 0 15 3 0
0.123215 0 7 3 0
0.123215 0 7 3 0
0.123215 0 8 3 0
0.123215 0 11 3 0
0.123215 0 10 3 0
0.123215 0 10 3 0
0.123215 0 1 3 0
0.123215 0 11 3 0
0.123215 0 15 3 0
0.123215 0 9 3 0
0.123216 0 12 3 0
0.123216 0 18 3 0
0.123216 0 5 3 0
0.123216 0 14 3 0
0.123714 1 44 3 0
0.123715 12 41 3 0
0.123715 13 42 3 0
0.123715 17 46 3 0
0.123715 19 40 3 0
0.123715 21 35 3 0
0.123715 22 43 3 0
0.123715 23 49 3 0
0.123715 28 48 3 0
0.123715 35 38 3 0
0.123715 39 39 3 0
0.123715 44 37 3 0
0.123715 46 36 3 0
0.123716 48 34 3 0
0.123716 58 47 3 0
0.123716 60 45 3 0
0.124214 0 44 1 0
0.124214 0 41 1 0
0.124214 0 42 1 0
0.124214 0 46 1 0
0.124214 0 40 1 0
0.124214 0 35 1 0
0.124214 0 43 1 0
0.124214 0 49 1 0
0.124214 0 48 1 0
0.124214 0 38 1 0
0.124214 0 39 1 0
0.124214 0 37 1 0
0.124214 0 36 1 0
0.124214 0 34 1 0
0.124214 0 47 1 0
0.124214 0 45 1 0
0.124214 0 44 3 0
0.124215 0 41 3 0
0.124215 0 42 3 0
0.124215 0 46 3 0
0.124215 0 40 3 0
0.124215 0 35 3 0
0.124215 0 43 3 0
0.124215 0 49 3 0
0.124215 0 48 3 0
0.124215 0 38 3 0
0.124215 0 39 3 0
0.124215 0 37 3 0
0.124215 0 36 3 0
0.124216 0 34 3 0
0.124216 0 47 3 0
0.124216 0 45 3 0
0.1246 31 23 3 0
0.124714 5 1 3 0
0.124715 6 1 3 0
0.124715 8 1 3 0
0.124715 14 3 3 0
0.124715 15 2 3 0
0.124715 47 12 3 0
0.124715 50 13 3 0
0.124716 54 16 3 0
0.124716 62 17 3 0
0.12475 0 1 1 0
0.12475 0 2 1 0
0.12475 0 1 1 0
0.12475 0 2 1 0
0.12475 0 1 1 0
0.12475 0 2 1 0
0.12475 0 3 1 0
0.12475 0 4 1 0
0.12475 0 5 1 0
0.12475 0 6 1 0
0.12475 0 7 1 0
0.12475 0 8 1 0
0.12475 0 9 1 0
0.12475 0 10 1 0
0.12475 0 11 1 0
0.12475 0 12 1 0
0.12475 0 13 1 0
0.12475 0 14 1 0
0.12475 0 15 1 0
0.12475 0 16 1 0
0.12475 0 17 1 0
0.12475 0 18 1 0
0.12475 0 1 1 0
0.12475 0 2 1 0
0.12475 0 3 1 0
0.12475 0 4 1 0
0.12475 0 5 1 0
0.12475 0 6 1 0
0.12475 0 7 1 0
0.12475 0 8 1 0
0.12475 0 9 1 0
0.12475 0 10 1 0
0.12475 0 11 1 0
0.12475 0 12 1 0
0.12475 0 13 1 0
0.12475 0 14 1 0
0.12475 0 15 1 0
0.12475 0 16 1 0
0.12475 0 17 1 0
0.12475 0 1 1 0
0.12475 0 1 1 0
0.12475 0 2 1 0
0.12475 0 1 1 0
0.12475 0 3 1 0
0.12475 0 19 1 0
0.12475 0 20 1 0
0.12475 0 21 1 0
0.12475 0 18 1 0
0.125 0 21 1 0
0.125 0 22 1 0
0.125 0 23 1 0
0.125 0 24 1 0
0.125 0 25 1 0
0.125 0 26 1 0
0.125 0 27 1 0
0.125 0 28 1 0
0.125 0 29 1 0
0.125 0 30 1 0
0.125 0 31 1 0
0.125 0 32 1 0
0.125 0 33 1 0
0.1251 0 23 3 0
0.1254 49 3 3 0
0.1255 0 2 3 0
0.125714 10 66 3 0
0.125715 34 67 3 0
0.125715 12 2 3 0
0.125715 42 69 3 0
0.125715 57 68 3 0
0.125715 17 4 3 0
0.125715 19 4 3 0
0.125715 23 5 3 0
0.125715 28 6 3 0
0.125715 35 9 3 0
0.125716 48 13 3 0
0.125716 60 17 3 0
0.1259 0 7 3 0
0.1259 0 12 3 0
0.1259 0 3 3 0
0.126 13 2 3 0
0.126214 0 66 1 0
0.126214 0 67 1 0
0.126214 0 69 1 0
0.126214 0 68 1 0
0.126214 0 66 3 0
0.126214 0 1 3 0
0.126215 0 67 3 0
0.126215 0 1 3 0
0.126215 0 69 3 0
0.126215 0 1 3 0
0.126215 0 68 3 0
0.126215 0 3 3 0
0.126215 0 2 3 0
0.126215 0 12 3 0
0.126215 0 13 3 0
0.126216 0 16 3 0
0.126216 0 17 3 0
0.126268 0 1 1 0
0.126268 0 2 1 0
0.126268 0 1 1 0
0.126268 0 2 1 0
0.126268 0 2 1 0
0.126268 0 12 1 0
0.126268 0 14 1 0
0.126268 0 16 1 0
0.126268 0 17 1 0
0.126268 0 1 1 0
0.126268 0 10 1 0
0.126268 0 15 1 0
0.126268 0 4 1 0
0.126268 0 5 1 0
0.126268 0 6 1 0
0.126268 0 9 1 0
0.126268 0 13 1 0
0.126268 0 3 1 0
0.126268 0 7 1 0
0.126268 0 8 1 0
0.126268 0 11 1 0
0.126268 0 18 1 0
0.126268 0 1 1 0
0.126268 0 3 1 0
0.126268 0 9 1 0
0.126268 0 13 1 0
0.126268 0 5 1 0
0.126268 0 7 1 0
0.126268 0 8 1 0
0.126268 0 11 1 0
0.126268 0 14 1 0
0.126268 0 16 1 0
0.126268 0 4 1 0
0.126268 0 12 1 0
0.126268 0 17 1 0
0.126268 0 2 1 0
0.126268 0 6 1 0
0.126268 0 10 1 0
0.126268 0 15 1 0
0.126268 0 1 1 0
0.126268 0 1 1 0
0.126268 0 2 1 0
0.126268 0 1 1 0
0.126268 0 3 1 0
0.126268 0 19 1 0
0.126268 0 20 1 0
0.126268 0 21 1 0
0.126268 0 18 1 0
0.1264 31 7 3 0
0.1264 39 12 3 0
0.127 0 52 1 0
0.127 0 53 1 0
0.127 0 54 1 0
0.127 0 55 1 0
0.127 0 56 1 0
0.127 0 57 1 0
0.127 0 58 1 0
0.127 0 59 1 0
0.127 0 60 1 0
0.127 0 61 1 0
0.127 0 62 1 0
0.127 0 63 1 0
0.127 0 64 1 0
0.127 0 65 1 0
0.1271 0 1 3 0
0.127215 0 2 3 0
0.127215 0 4 3 0
0.127215 0 4 3 0
0.127215 0 5 3 0
0.127215 0 6 3 0
0.127215 0 9 3 0
0.127216 0 13 3 0
0.127216 0 17 3 0
0.1276 1 1 3 0
0.127714 3 24 3 0
0.127714 10 3 3 0
0.127715 11 33 3 0
0.127715 16 28 3 0
0.127715 24 29 3 0
0.127715 26 32 3 0
0.127715 32 27 3 0
0.127715 38 25 3 0
0.127715 40 26 3 0
0.127715 51 22 3 0
0.127715 53 21 3 0
0.127715 59 30 3 0
0.127715 61 31 3 0
0.127768 46 20 3 0
0.127768 61 21 3 0
0.127768 44 18 3 0
0.128214 0 24 1 0
0.128214 0 33 1 0
0.128214 0 28 1 0
0.128214 0 29 1 0
0.128214 0 32 1 0
0.128214 0 23 1 0
0.128214 0 27 1 0
0.128214 0 25 1 0
0.128214 0 26 1 0
0.128214 0 22 1 0
0.128214 0 21 1 0
0.128214 0 30 1 0
0.128214 0 31 1 0
0.128214 0 24 3 0
0.128215 0 33 3 0
0.128215 0 28 3 0
0.128215 0 29 3 0
0.128215 0 32 3 0
0.128215 0 27 3 0
0.128215 0 25 3 0
0.128215 0 26 3 0
0.128215 0 22 3 0
0.128215 0 21 3 0
0.128215 0 30 3 0
0.128215 0 31 3 0
0.129214 0 3 3 0
0.129268 0 20 3 0
0.129268 0 21 3 0
0.129268 0 18 3 0
0.1295 0 9 3 0
0.129714 2 54 3 0
0.129714 3 1 3 0
0.129715 4 65 3 0
0.129715 11 1 3 0
0.129715 7 57 3 0
0.129715 9 59 3 0
0.129715 18 62 3 0
0.129715 26 5 3 0
0.129715 27 53 3 0
0.129715 29 58 3 0
0.129715 32 8 3 0
0.129715 30 61 3 0
0.129715 38 11 3 0
0.129715 36 56 3 0
0.129715 40 10 3 0
0.129715 37 52 3 0
0.129715 51 14 3 0
0.129715 41 63 3 0
0.129715 53 15 3 0
0.129715 52 64 3 0
0.129715 59 16 3 0
0.129715 56 55 3 0
0.129716 63 60 3 0
0.13 0 1 1 0
0.13 0 2 1 0
0.13 0 3 1 0
0.13 0 4 1 0
0.13 0 5 1 0
0.13 0 6 1 0
0.13 0 7 1 0
0.13 0 8 1 0
0.13 0 9 1 0
0.13 0 10 1 0
0.13 0 11 1 0
0.13 0 12 1 0
0.13 0 13 1 0
0.13 0 14 1 0
0.13 0 15 1 0
0.13 0 16 1 0
0.13 33 9 3 0
0.130214 0 54 1 0
0.130214 0 65 1 0
0.130214 0 57 1 0
0.130214 0 59 1 0
0.130214 0 62 1 0
0.130214 0 53 1 0
0.130214 0 58 1 0
0.130214 0 61 1 0
0.130214 0 56 1 0
0.130214 0 52 1 0
0.130214 0 63 1 0
0.130214 0 64 1 0
0.130214 0 55 1 0
0.130214 0 60 1 0
0.130214 0 54 3 0
0.130215 0 65 3 0
0.130215 0 57 3 0
0.130215 0 59 3 0
0.130215 0 62 3 0
0.130215 0 53 3 0
0.130215 0 58 3 0
0.130215 0 61 3 0
0.130215 0 56 3 0
0.130215 0 52 3 0
0.130215 0 63 3 0
0.130215 0 64 3 0
0.130215 0 55 3 0
0.130216 0 60 3 0
0.1303 0 19 3 0
0.1308 34 19 3 0
0.131 0 34 1 0
0.131 0 35 1 0
0.131 0 36 1 0
0.131 0 37 1 0
0.131 0 38 1 0
0.131 0 39 1 0
0.131 0 40 1 0
0.131 0 41 1 0
0.131 0 42 1 0
0.131 0 43 1 0
0.131 0 44 1 0
0.131 0 45 1 0
0.131 0 46 1 0
0.131 0 47 1 0
0.131 0 48 1 0
0.131 0 49 1 0
0.1311 0 14 3 0
0.131214 0 1 3 0
0.131215 0 1 3 0
0.131215 0 5 3 0
0.131215 0 8 3 0
0.131215 0 11 3 0
0.131215 0 10 3 0
0.131215 0 14 3 0
0.131215 0 15 3 0
0.131215 0 16 3 0
0.1316 49 14 3 0
0.131714 2 2 3 0
0.131715 4 1 3 0
0.131715 9 2 3 0
0.131715 18 3 3 0
0.131715 27 6 3 0
0.131715 29 7 3 0
0.131715 30 8 3 0
0.131715 37 10 3 0
0.131715 41 11 3 0
0.131715 52 15 3 0
0.131716 63 18 3 0
0.132714 5 16 3 0
0.132715 6 2 3 0
0.132715 8 4 3 0
0.132715 14 13 3 0
0.132715 15 8 3 0
0.132715 20 6 3 0
0.132715 25 15 3 0
0.132715 33 7 3 0
0.132715 43 11 3 0
0.132715 45 10 3 0
0.132715 47 1 3 0
0.132715 50 9 3 0
0.132716 54 12 3 0
0.132716 55 5 3 0
0.132716 62 14 3 0
0.133 0 66 1 0
0.133 0 67 1 0
0.133 0 68 1 0
0.133 0 69 1 0
0.133 0 22 1 0
0.133 9 22 3 0
0.133214 0 16 1 0
0.133214 0 2 1 0
0.133214 0 4 1 0
0.133214 0 13 1 0
0.133214 0 8 1 0
0.133214 0 6 1 0
0.133214 0 15 1 0
0.133214 0 7 1 0
0.133214 0 11 1 0
0.133214 0 10 1 0
0.133214 0 1 1 0
0.133214 0 3 1 0
0.133214 0 9 1 0
0.133214 0 12 1 0
0.133214 0 5 1 0
0.133214 0 14 1 0
0.133214 0 16 3 0
0.133214 0 2 3 0
0.133215 0 2 3 0
0.133215 0 1 3 0
0.133215 0 4 3 0
0.133215 0 13 3 0
0.133215 0 8 3 0
0.133215 0 3 3 0
0.133215 0 6 3 0
0.133215 0 6 3 0
0.133215 0 15 3 0
0.133215 0 7 3 0
0.133215 0 7 3 0
0.133215 0 8 3 0
0.133215 0 11 3 0
0.133215 0 10 3 0
0.133215 0 10 3 0
0.133215 0 1 3 0
0.133215 0 11 3 0
0.133215 0 15 3 0
0.133215 0 9 3 0
0.133216 0 12 3 0
0.133216 0 18 3 0
0.133216 0 5 3 0
0.133216 0 14 3 0
0.133714 1 44 3 0
0.133715 12 41 3 0
0.133715 13 42 3 0
0.133715 17 46 3 0
0.133715 19 40 3 0
0.133715 21 35 3 0
0.133715 22 43 3 0
0.133715 23 49 3 0
0.133715 28 48 3 0
0.133715 35 38 3 0
0.133715 39 39 3 0
0.133715 44 37 3 0
0.133715 46 36 3 0
0.133716 48 34 3 0
0.133716 58 47 3 0
0.133716 60 45 3 0
0.134214 0 44 1 0
0.134214 0 41 1 0
0.134214 0 42 1 0
0.134214 0 46 1 0
0.134214 0 40 1 0
0.134214 0 35 1 0
0.134214 0 43 1 0
0.134214 0 49 1 0
0.134214 0 48 1 0
0.134214 0 38 1 0
0.134214 0 39 1 0
0.134214 0 37 1 0
0.134214 0 36 1 0
0.134214 0 34 1 0
0.134214 0 47 1 0
0.134214 0 45 1 0
0.134214 0 44 3 0
0.134215 0 41 3 0
0.134215 0 42 3 0
0.134215 0 46 3 0
0.134215 0 40 3 0
0.134215 0 35 3 0
0.134215 0 43 3 0
0.134215 0 49 3 0
0.134215 0 48 3 0
0.134215 0 38 3 0
0.134215 0 39 3 0
0.134215 0 37 3 0
0.134215 0 36 3 0
0.134216 0 34 3 0
0.134216 0 47 3 0
0.134216 0 45 3 0
0.1345 0 22 1 0
0.1345 0 22 3 0
0.1345 0 22 3 0
0.1346 31 23 3 0
0.134714 5 1 3 0
0.134715 6 1 3 0
0.134715 8 1 3 0
0.134715 14 3 3 0
0.134715 15 2 3 0
0.134715 47 12 3 0
0.134715 50 13 3 0
0.134716 54 16 3 0
0.134716 62 17 3 0
0.13475 0 1 1 0
0.13475 0 2 1 0
0.13475 0 1 1 0
0.13475 0 2 1 0
0.13475 0 1 1 0
0.13475 0 2 1 0
0.13475 0 3 1 0
0.13475 0 4 1 0
0.13475 0 5 1 0
0.13475 0 6 1 0
0.13475 0 7 1 0
0.13475 0 8 1 0
0.13475 0 9 1 0
0.13475 0 10 1 0
0.13475 0 11 1 0
0.13475 0 12 1 0
0.13475 0 13 1 0
0.13475 0 14 1 0
0.13475 0 15 1 0
0.13475 0 16 1 0
0.13475 0 17 1 0
0.13475 0 18 1 0
0.13475 0 1 1 0
0.13475 0 2 1 0
0.13475 0 3 1 0
0.13475 0 4 1 0
0.13475 0 5 1 0
0.13475 0 6 1 0
0.13475 0 7 1 0
0.13475 0 8 1 0
0.13475 0 9 1 0
0.13475 0 10 1 0
0.13475 0 11 1 0
0.13475 0 12 1 0
0.13475 0 13 1 0
0.13475 0 14 1 0
0.13475 0 15 1 0
0.13475 0 16 1 0
0.13475 0 17 1 0
0.13475 0 1 1 0
0.13475 0 1 1 0
0.13475 0 2 1 0
0.13475 0 1 1 0
0.13475 0 3 1 0
0.13475 0 19 1 0
0.13475 0 20 1 0
0.13475 0 21 1 0
0.13475 0 18 1 0
0.135 0 21 1 0
0.135 0 22 1 0
0.135 0 23 1 0
0.135 0 24 1 0
0.135 0 25 1 0
0.135 0 26 1 0
0.135 0 27 1 0
0.135 0 28 1 0
0.135 0 29 1 0
0.135 0 30 1 0
0.135 0 31 1 0
0.135 0 32 1 0
0.135 0 33 1 0
0.1351 0 23 3 0
0.1354 49 3 3 0
0.1355 0 2 3 0
0.135714 10 66 3 0
0.135715 34 67 3 0
0.135715 12 2 3 0
0.135715 42 69 3 0
0.135715 57 68 3 0
0.135715 17 4 3 0
0.135715 19 4 3 0
0.135715 23 5 3 0
0.135715 28 6 3 0
0.135715 35 9 3 0
0.135716 48 13 3 0
0.135716 60 17 3 0
0.1359 0 7 3 0
0.1359 0 12 3 0
0.1359 0 3 3 0
0.136 13 2 3 0
0.136214 0 66 1 0
0.136214 0 67 1 0
0.136214 0 69 1 0
0.136214 0 68 1 0
0.136214 0 66 3 0
0.136214 0 1 3 0
0.136215 0 67 3 0
0.136215 0 1 3 0
0.136215 0 69 3 0
0.136215 0 1 3 0
0.136215 0 68 3 0
0.136215 0 3 3 0
0.136215 0 2 3 0
0.136215 0 12 3 0
0.136215 0 13 3 0
0.136216 0 16 3 0
0.136216 0 17 3 0
0.136268 0 1 1 0
0.136268 0 1 1 0
0.136268 0 2 1 0
0.136268 0 2 1 0
0.136268 0 12 1 0
0.136268 0 14 1 0
0.136268 0 16 1 0
0.136268 0 17 1 0
0.136268 0 1 1 0
0.136268 0 10 1 0
0.136268 0 15 1 0
0.136268 0 4 1 0
0.136268 0 5 1 0
0.136268 0 6 1 0
0.136268 0 9 1 0
0.136268 0 13 1 0
0.136268 0 3 1 0
0.136268 0 7 1 0
0.136268 0 8 1 0
0.136268 0 11 1 0
0.136268 0 18 1 0
0.136268 0 1 1 0
0.136268 0 3 1 0
0.136268 0 9 1 0
0.136268 0 13 1 0
0.136268 0 5 1 0
0.136268 0 7 1 0
0.136268 0 8 1 0
0.136268 0 11 1 0
0.136268 0 14 1 0
0.136268 0 16 1 0
0.136268 0 4 1 0
0.136268 0 12 1 0
0.136268 0 17 1 0
0.136268 0 2 1 0
0.136268 0 6 1 0
0.136268 0 10 1 0
0.136268 0 15 1 0
0.136268 0 1 1 0
0.136268 0 1 1 0
0.136268 0 2 1 0
0.136268 0 1 1 0
0.136268 0 3 1 0
0.136268 0 19 1 0
0.136268 0 20 1 0
0.136268 0 21 1 0
0.136268 0 18 1 0
0.1363 0 21 3 0
0.1364 31 7 3 0
0.1364 39 12 3 0
0.1368 61 21 3 0
0.137 0 52 1 0
0.137 0 53 1 0
0.137 0 54 1 0
0.137 0 55 1 0
0.137 0 56 1 0
0.137 0 57 1 0
0.137 0 58 1 0
0.137 0 59 1 0
0.137 0 60 1 0
0.137 0 61 1 0
0.137 0 62 1 0
0.137 0 63 1 0
0.137 0 64 1 0
0.137 0 65 1 0
0.1371 0 1 3 0
0.137215 0 2 3 0
0.137215 0 4 3 0
0.137215 0 4 3 0
0.137215 0 5 3 0
0.137215 0 6 3 0
0.137215 0 9 3 0
0.137216 0 13 3 0
0.137216 0 17 3 0
0.1376 1 1 3 0
0.137714 3 24 3 0
0.137714 10 3 3 0
0.137715 11 33 3 0
0.137715 16 28 3 0
0.137715 24 29 3 0
0.137715 26 32 3 0
0.137715 32 27 3 0
0.137715 38 25 3 0
0.137715 40 26 3 0
0.137715 51 22 3 0
0.137715 53 21 3 0
0.137715 59 30 3 0
0.137715 61 31 3 0
0.137768 46 20 3 0
0.137768 44 18 3 0
0.138214 0 24 1 0
0.138214 0 33 1 0
0.138214 0 28 1 0
0.138214 0 29 1 0
0.138214 0 32 1 0
0.138214 0 23 1 0
0.138214 0 27 1 0
0.138214 0 25 1 0
0.138214 0 26 1 0
0.138214 0 22 1 0
0.138214 0 21 1 0
0.138214 0 30 1 0
0.138214 0 31 1 0
0.138214 0 24 3 0
0.138215 0 33 3 0
0.138215 0 28 3 0
0.138215 0 29 3 0
0.138215 0 32 3 0
0.138215 0 27 3 0
0.138215 0 25 3 0
0.138215 0 26 3 0
0.138215 0 22 3 0
0.138215 0 21 3 0
0.138215 0 30 3 0
0.138215 0 31 3 0
0.139214 0 3 3 0
0.139268 0 20 3 0
0.139268 0 18 3 0
