0.63 1 5 16 3 384 0
0.66 1 45 10 3 130 0
0.66 1 45 10 3 177 0
0.664 1 5 16 3 169 0
0.702 1 37 52 3 185 0
0.719 1 24 29 3 114 0
0.731 1 37 52 3 66 0
0.746 1 45 10 3 114 0
0.752 1 24 29 3 185 0
0.78 1 45 10 3 114 0
0.791 1 37 52 3 177 0
0.798 1 24 29 3 225 0
0.812 1 45 10 3 130 0
0.832 1 24 29 3 66 0
0.858 1 43 11 3 241 0
0.86 1 37 52 3 114 0
0.865 1 24 29 3 66 0
0.877 1 45 10 3 74 0
0.877 1 45 10 3 257 0
0.891 1 37 52 3 138 0
0.895 1 43 11 3 122 0
0.895 1 43 11 3 249 0
0.896 1 24 29 3 74 0
0.907 1 45 10 3 58 0
0.907 1 45 10 3 122 0
0.921 1 37 52 3 74 0
0.925 1 43 11 3 257 0
0.928 1 24 29 3 241 0
0.957 1 43 11 3 146 0
0.97 1 45 10 3 281 0
0.97 1 45 10 3 138 0
0.986 1 37 52 3 233 0
0.99 1 43 11 3 225 0
0.991 1 24 29 3 162 0
0.991 1 24 29 3 614 0
1.01 1 16 28 3 122 0
1.031 1 43 11 3 241 0
1.032 1 24 29 3 66 0
1.032 1 24 29 3 74 0
1.041 1 16 28 3 114 0
1.044 1 45 10 3 193 0
1.049 1 9 59 3 114 0
1.062 1 37 52 3 114 0
1.069 1 43 11 3 82 0
1.083 1 45 10 3 122 0
1.089 1 16 28 3 185 0
1.103 1 37 52 3 122 0
1.103 1 37 52 3 257 0
1.11 1 24 29 3 575 0
1.11 1 24 29 3 114 0
1.122 1 45 10 3 66 0
1.127 1 16 28 3 130 0
1.142 1 37 52 3 193 0
1.146 1 43 11 3 1123 0
1.147 1 24 29 3 169 0
1.168 1 16 28 3 130 0
1.181 1 37 52 3 122 0
1.186 1 43 11 3 289 0
1.187 1 24 29 3 66 0
1.196 1 45 10 3 122 0
1.201 1 16 28 3 58 0
1.214 1 37 52 3 66 0
1.218 1 43 11 3 82 0
1.219 1 24 29 3 74 0
1.227 1 45 10 3 66 0
1.253 1 43 11 3 82 0
1.263 1 45 10 3 74 0
1.283 1 37 52 3 177 0
1.305 1 16 28 3 114 0
1.31 1 28 48 3 114 0
1.316 1 37 52 3 66 0
1.32 1 43 11 3 463 0
1.321 1 24 29 3 614 0
1.334 1 45 10 3 122 0
1.339 1 16 28 3 281 0
1.344 1 28 48 3 122 0
1.352 1 37 52 3 66 0
1.355 1 43 11 3 328 0
1.369 1 45 10 3 66 0
1.377 1 16 28 3 233 0
1.39 1 43 11 3 154 0
1.412 1 28 48 3 58 0
1.412 1 28 48 3 58 0
1.413 1 16 28 3 162 0
1.424 1 37 52 3 185 0
1.452 1 16 28 3 162 0
1.452 1 16 28 3 82 0
1.461 1 37 52 3 58 0
1.483 1 45 10 3 114 0
1.487 1 28 48 3 66 0
1.498 1 37 52 3 58 0
1.502 1 24 29 3 58 0
1.504 1 43 11 3 249 0
1.523 1 45 10 3 130 0
1.527 1 28 48 3 130 0
1.527 1 28 48 3 66 0
1.528 1 16 28 3 670 0
1.538 1 37 52 3 66 0
1.544 1 43 11 3 114 0
1.562 1 45 10 3 130 0
1.567 1 28 48 3 66 0
1.567 1 28 48 3 66 0
1.568 1 16 28 3 114 0
1.568 1 16 28 3 66 0
1.582 1 43 11 3 138 0
1.582 1 43 11 3 74 0
1.607 1 28 48 3 74 0
1.608 1 16 28 3 138 0
1.608 1 16 28 3 82 0
1.608 1 16 28 3 154 0
1.62 1 37 52 3 122 0
1.627 1 3 24 3 241 0
1.627 1 3 24 3 177 0
1.627 1 3 24 3 58 0
1.64 1 45 10 3 58 0
1.64 1 45 10 3 58 0
1.647 1 16 28 3 74 0
1.664 1 43 11 3 304 0
1.668 1 3 24 3 408 0
1.668 1 3 24 3 241 0
1.668 1 3 24 3 82 0
1.668 1 3 24 3 162 0
1.668 1 3 24 3 162 0
1.68 1 45 10 3 66 0
1.685 1 28 48 3 566 0
1.686 1 16 28 3 74 0
1.699 1 37 52 3 58 0
1.703 1 43 11 3 193 0
1.707 1 3 24 3 162 0
1.707 1 3 24 3 162 0
1.727 1 28 48 3 209 0
1.729 1 16 28 3 74 0
1.745 1 43 11 3 74 0
1.751 1 3 24 3 154 0
1.751 1 3 24 3 82 0
1.763 1 45 10 3 114 0
1.772 1 16 28 3 66 0
1.81 1 28 48 3 606 0
1.821 1 37 52 3 58 0
1.823 1 43 11 3 177 0
1.829 1 3 24 3 1004 0
1.845 1 45 10 3 58 0
1.85 1 28 48 3 169 0
1.854 1 16 28 3 344 0
1.862 1 37 52 3 58 0
1.865 1 43 11 3 66 0
1.873 1 3 24 3 352 0
1.873 1 3 24 3 74 0
1.873 1 3 24 3 321 0
1.892 1 45 10 3 58 0
1.892 1 45 10 3 130 0
1.897 1 28 48 3 177 0
1.901 1 16 28 3 58 1
1.919 1 3 24 3 82 0
1.919 1 3 24 3 162 0
1.933 1 27 53 3 304 0
1.933 1 27 53 3 66 0
1.933 1 27 53 3 58 0
1.933 1 27 53 3 130 0
1.933 1 27 53 3 138 0
1.933 1 27 53 3 82 0
1.935 1 45 10 3 74 0
1.951 1 37 52 3 58 0
1.956 1 43 11 3 122 0
1.961 1 3 24 3 74 0
1.975 1 27 53 3 162 0
1.975 1 27 53 3 82 0
1.975 1 27 53 3 82 0
1.977 1 45 10 3 66 0
1.996 1 43 11 3 66 0
2.001 1 3 24 3 82 0
2.016 1 27 53 3 82 0
2.016 1 27 53 3 82 0
2.019 1 45 10 3 66 0
2.024 1 28 48 3 360 0
2.051 1 7 57 3 114 0
2.059 1 45 10 3 66 0
2.064 1 28 48 3 185 0
2.064 1 28 48 3 74 0
2.074 1 37 52 3 58 0
2.077 1 43 11 3 177 0
2.091 1 7 57 3 58 0
2.091 1 7 57 3 66 0
2.096 1 27 53 3 1019 0
2.104 1 28 48 3 66 0
2.112 1 37 52 3 66 0
2.115 1 43 11 3 66 0
2.124 1 3 24 3 741 0
2.132 1 7 57 3 130 0
2.137 1 24 29 3 185 0
2.141 1 27 53 3 408 0
2.141 1 27 53 3 82 0
2.144 1 45 10 3 177 0
2.144 1 45 10 3 58 0
2.151 1 28 48 3 74 0
2.151 1 28 48 3 146 0
2.173 1 3 24 3 217 0
2.173 1 3 24 3 162 0
2.179 1 7 57 3 138 0
2.186 1 27 53 3 82 0
2.186 1 27 53 3 82 0
2.191 1 24 29 3 58 0
2.203 1 37 52 3 58 0
2.217 1 3 24 3 162 0
2.231 1 27 53 3 82 0
2.234 1 45 10 3 58 0
2.234 1 45 10 3 66 0
2.236 1 24 29 3 130 0
2.242 1 28 48 3 463 0
2.242 1 28 48 3 169 0
2.256 1 43 11 3 114 0
2.256 1 43 11 3 122 0
2.263 1 3 24 3 82 0
2.269 1 7 57 3 122 0
2.278 1 45 10 3 130 0
2.28 1 24 29 3 74 0
2.297 1 43 11 3 74 0
2.303 1 3 24 3 82 0
2.315 1 7 57 3 66 0
2.315 1 7 57 3 66 0
2.319 1 27 53 3 558 0
2.323 1 45 10 3 66 0
2.325 1 24 29 3 241 0
2.336 1 28 48 3 114 0
2.348 1 43 11 3 82 0
2.366 1 27 53 3 193 0
2.366 1 27 53 3 146 0
2.37 1 45 10 3 66 0
2.402 1 3 24 3 678 0
2.402 1 3 24 3 193 0
2.41 1 7 57 3 114 0
2.41 1 7 57 3 66 0
2.414 1 27 53 3 74 0
2.418 1 45 10 3 66 0
2.42 1 24 29 3 725 0
2.42 1 24 29 3 193 0
2.449 1 3 24 3 66 0
2.457 1 7 57 3 74 0
2.457 1 7 57 3 217 0
2.468 1 24 29 3 74 0
2.489 1 43 11 3 320 0
2.497 1 3 24 3 74 0
2.505 1 7 57 3 74 0
2.551 1 7 57 3 66 1
2.555 1 27 53 3 447 0
2.555 1 27 53 3 66 0
2.557 1 45 10 3 114 0
2.559 1 24 29 3 519 0
2.559 1 24 29 3 138 0
2.584 1 43 11 3 114 0
2.584 1 43 11 3 114 0
2.604 1 27 53 3 74 0
2.609 1 24 29 3 82 0
2.634 1 43 11 3 58 0
2.64 1 3 24 3 423 0
2.64 1 3 24 3 257 0
2.647 1 7 57 3 122 0
2.652 1 27 53 3 74 0
2.654 1 45 10 3 58 0
2.657 1 24 29 3 74 0
2.677 1 43 11 3 66 0
2.685 1 3 24 3 138 0
2.697 1 27 53 3 74 0
2.697 1 27 53 3 138 0
2.704 1 24 29 3 74 0
2.704 1 24 29 3 74 0
2.733 1 3 24 3 74 0
2.74 1 7 57 3 58 0
2.74 1 7 57 3 58 0
2.746 1 27 53 3 130 0
2.75 1 45 10 3 58 0
2.754 1 24 29 3 130 0
2.776 1 43 11 3 114 0
2.776 1 43 11 3 130 0
2.794 1 27 53 3 58 0
2.801 1 24 29 3 58 0
2.822 1 43 11 3 74 0
2.837 1 7 57 3 58 0
2.837 1 7 57 3 58 0
2.842 1 27 53 3 66 0
2.842 1 27 53 3 130 0
2.845 1 45 10 3 58 0
2.849 1 24 29 3 66 1
2.85 1 39 39 3 185 0
2.85 1 39 39 3 185 0
2.85 1 39 39 3 280 0
2.875 1 43 11 3 66 0
2.881 1 3 24 3 408 0
2.881 1 3 24 3 66 0
2.902 1 39 39 3 66 0
2.902 1 39 39 3 313 0
2.902 1 39 39 3 82 0
2.902 1 39 39 3 82 0
2.902 1 39 39 3 82 0
2.925 1 43 11 3 66 0
2.937 1 7 57 3 58 0
2.937 1 7 57 3 58 0
2.949 1 45 10 3 58 0
2.949 1 45 10 3 58 0
2.953 1 24 29 3 368 0
2.953 1 24 29 3 58 0
2.953 1 24 29 3 66 0
2.954 1 39 39 3 162 0
2.954 1 39 39 3 82 0
2.954 1 39 39 3 162 0
2.982 1 3 24 3 177 0
2.982 1 3 24 3 130 0
2.994 1 27 53 3 368 0
2.998 1 45 10 3 66 0
3.002 1 24 29 3 66 0
3.029 1 3 24 3 138 0
3.037 1 7 57 3 58 0
3.04 1 13 42 3 233 0
3.046 1 45 10 3 66 0
3.051 1 39 39 3 1154 0
3.073 1 43 11 3 185 0
3.073 1 43 11 3 130 0
3.078 1 3 24 3 74 0
3.092 1 27 53 3 114 0
3.1 1 24 29 3 114 0
3.101 1 39 39 3 416 0
3.101 1 39 39 3 82 0
3.111 1 1 44 3 58 0
3.127 1 43 11 3 74 0
3.141 1 7 57 3 58 0
3.141 1 7 57 3 58 0
3.144 1 13 42 3 114 0
3.144 1 13 42 3 66 0
3.146 1 47 1 3 169 0
3.146 1 47 1 3 58 0
3.146 1 47 1 3 122 0
3.147 1 27 53 3 58 0
3.147 1 27 53 3 138 0
3.148 1 17 46 3 66 0
3.15 1 45 10 3 122 0
3.154 1 24 29 3 66 0
3.155 1 39 39 3 162 0
3.155 1 39 39 3 154 0
3.18 1 3 24 3 241 0
3.192 1 13 42 3 74 0
3.195 1 47 1 3 305 0
3.195 1 47 1 3 400 0
3.196 1 27 53 3 74 0
3.205 1 39 39 3 321 0
3.211 1 1 44 3 58 0
3.217 1 28 48 3 185 0
3.227 1 33 7 3 114 0
3.241 1 7 57 3 58 0
3.246 1 47 1 3 82 0
3.246 1 47 1 3 162 0
3.246 1 47 1 3 82 0
3.248 1 17 46 3 225 0
3.248 1 17 46 3 66 0
3.25 1 45 10 3 58 0
3.251 1 28 48 3 58 0
3.255 1 39 39 3 82 1
3.258 1 60 45 3 114 0
3.275 1 43 11 3 177 0
3.275 1 43 11 3 58 0
3.281 1 3 24 3 114 0
3.281 1 3 24 3 130 0
3.293 1 28 48 3 122 0
3.295 1 47 1 3 162 0
3.296 1 27 53 3 249 0
3.297 1 17 46 3 74 0
3.302 1 24 29 3 114 0
3.302 1 24 29 3 66 0
3.308 1 1 44 3 58 0
3.308 1 1 44 3 66 0
3.322 1 33 7 3 58 0
3.328 1 3 24 3 74 0
3.336 1 7 57 3 58 0
3.336 1 7 57 3 66 0
3.338 1 13 42 3 185 0
3.338 1 13 42 3 130 0
3.343 1 27 53 3 66 1
3.347 1 45 10 3 58 0
3.347 1 45 10 3 58 0
3.351 1 39 39 3 559 0
3.351 1 39 39 3 130 0
3.357 1 1 44 3 66 0
3.357 1 1 44 3 130 0
3.368 1 43 11 3 58 0
3.368 1 43 11 3 66 0
3.387 1 13 42 3 74 0
3.388 1 28 48 3 368 0
3.388 1 28 48 3 217 0
3.39 1 47 1 3 940 0
3.39 1 47 1 3 376 0
3.392 1 17 46 3 177 0
3.392 1 17 46 3 185 0
3.394 1 45 10 3 169 0
3.397 1 24 29 3 169 0
3.397 1 24 29 3 138 0
3.399 1 39 39 3 193 0
3.405 1 1 44 3 74 0
3.418 1 33 7 3 58 0
3.424 1 3 24 3 415 0
3.432 1 7 57 3 58 0
3.434 1 13 42 3 66 0
3.437 1 47 1 3 480 1
3.437 1 47 1 3 241 0
3.439 1 27 53 3 177 0
3.439 1 27 53 3 66 0
3.44 1 17 46 3 257 0
3.44 1 17 46 3 384 0
3.447 1 24 29 3 82 0
3.448 1 39 39 3 146 0
3.466 1 43 11 3 122 0
3.484 1 13 42 3 66 1
3.485 1 28 48 3 265 0
3.485 1 28 48 3 114 0
3.487 1 47 1 3 82 0
3.488 1 27 53 3 130 0
3.489 1 17 46 3 66 0
3.489 1 17 46 3 58 0
3.492 1 45 10 3 58 0
3.492 1 45 10 3 66 0
3.495 1 24 29 3 82 0
3.496 1 39 39 3 74 0
3.515 1 33 7 3 58 0
3.519 1 3 24 3 114 0
3.526 1 7 57 3 58 0
3.534 1 27 53 3 66 0
3.535 1 17 46 3 130 0
3.535 1 17 46 3 193 0
3.548 1 1 44 3 177 0
3.548 1 1 44 3 66 0
3.559 1 43 11 3 130 0
3.58 1 13 42 3 185 0
3.581 1 28 48 3 114 0
3.581 1 28 48 3 66 0
3.582 1 47 1 3 535 0
3.582 1 47 1 3 66 0
3.585 1 27 53 3 58 1
3.585 1 27 53 3 66 0
3.586 1 17 46 3 58 0
3.588 1 45 10 3 114 0
3.591 1 39 39 3 368 0
3.591 1 39 39 3 138 0
3.599 1 1 44 3 74 0
3.609 1 43 11 3 66 1
3.609 1 43 11 3 66 0
3.616 1 3 24 3 58 0
3.616 1 3 24 3 58 0
3.623 1 7 57 3 58 0
3.627 1 28 48 3 130 0
3.628 1 47 1 3 74 0
3.633 1 27 53 3 66 0
3.633 1 27 53 3 130 0
3.634 1 17 46 3 66 0
3.634 1 17 46 3 66 0
3.639 1 24 29 3 328 0
3.639 1 24 29 3 130 0
3.64 1 39 39 3 82 0
3.657 1 43 11 3 66 0
3.673 1 13 42 3 58 0
3.673 1 13 42 3 66 0
3.674 1 28 48 3 130 0
3.675 1 47 1 3 82 0
3.683 1 45 10 3 58 0
3.683 1 45 10 3 58 0
3.694 1 1 44 3 122 0
3.712 1 3 24 3 58 0
3.718 1 7 57 3 58 0
3.718 1 7 57 3 58 0
3.721 1 13 42 3 130 0
3.722 1 28 48 3 66 1
3.729 1 27 53 3 185 0
3.729 1 27 53 3 66 0
3.73 1 17 46 3 249 0
3.73 1 17 46 3 130 0
3.733 1 24 29 3 177 0
3.733 1 24 29 3 66 0
3.734 1 39 39 3 392 0
3.734 1 39 39 3 58 0
3.748 1 45 10 3 58 0
3.769 1 7 57 3 58 0
3.772 1 13 42 3 122 0
3.779 1 17 46 3 138 0
3.779 1 17 46 3 289 0
3.783 1 39 39 3 225 0
3.795 1 1 44 3 58 0
3.795 1 1 44 3 66 0
3.805 1 43 11 3 58 0
3.813 1 3 24 3 58 0
3.818 1 7 57 3 66 0
3.821 1 13 42 3 58 0
3.821 1 13 42 3 58 0
3.823 1 28 48 3 233 0
3.823 1 28 48 3 130 0
3.824 1 47 1 3 479 0
3.824 1 47 1 3 233 0
3.828 1 27 53 3 114 0
3.828 1 27 53 3 58 0
3.832 1 24 29 3 114 0
3.833 1 39 39 3 138 1
3.833 1 39 39 3 82 0
3.837 1 45 10 3 66 0
3.837 1 45 10 3 58 0
3.846 1 1 44 3 66 0
3.871 1 60 45 3 122 0
3.876 1 13 42 3 66 0
3.877 1 28 48 3 265 0
3.878 1 47 1 3 74 0
3.881 1 27 53 3 130 0
3.882 1 17 46 3 177 0
3.882 1 17 46 3 130 0
3.887 1 39 39 3 82 0
3.891 1 45 10 3 114 0
3.911 1 43 11 3 58 0
3.917 1 4 65 3 122 0
3.921 1 3 24 3 58 0
3.928 1 7 57 3 58 0
3.93 1 13 42 3 66 1
3.93 1 13 42 3 66 0
3.932 1 47 1 3 74 1
3.935 1 27 53 3 66 1
3.936 1 17 46 3 130 0
3.941 1 24 29 3 114 0
3.941 1 24 29 3 122 0
3.951 1 60 45 3 114 0
3.951 1 60 45 3 130 0
3.994 1 24 29 3 257 0
3.996 1 39 39 3 408 0
3.998 1 4 65 3 58 1
3.998 1 4 65 3 114 0
3.999 1 45 10 3 58 0
3.999 1 45 10 3 58 0
4.002 1 60 45 3 66 0
4.007 1 1 44 3 114 0
4.007 1 1 44 3 66 0
4.02 1 43 11 3 58 0
4.02 1 43 11 3 66 0
4.03 1 3 24 3 58 0
4.03 1 3 24 3 66 0
4.036 1 7 57 3 58 0
4.039 1 13 42 3 241 0
4.039 1 13 42 3 114 0
4.04 1 28 48 3 241 0
4.04 1 28 48 3 66 0
4.041 1 47 1 3 304 0
4.041 1 47 1 3 58 0
4.045 1 27 53 3 114 0
4.045 1 27 53 3 58 0
4.052 1 24 29 3 74 1
4.052 1 24 29 3 74 0
4.056 1 4 65 3 66 0
4.06 1 60 45 3 146 0
4.06 1 60 45 3 146 0
4.063 1 1 44 3 66 0
4.076 1 43 11 3 66 0
4.085 1 3 24 3 66 0
4.092 1 7 57 3 66 0
4.092 1 7 57 3 66 0
4.094 1 13 42 3 130 0
4.095 1 28 48 3 130 0
4.096 1 47 1 3 58 0
4.1 1 27 53 3 66 0
4.1 1 27 53 3 74 0
4.101 1 17 46 3 114 0
4.101 1 17 46 3 58 0
4.107 1 39 39 3 114 0
4.107 1 39 39 3 66 0
4.11 1 45 10 3 58 0
4.11 1 45 10 3 66 0
4.118 1 1 44 3 66 0
4.13 1 43 11 3 74 1
4.13 1 43 11 3 66 0
4.14 1 3 24 3 74 1
4.14 1 3 24 3 66 0
4.146 1 7 57 3 74 0
4.149 1 13 42 3 130 1
4.15 1 28 48 3 122 0
4.151 1 47 1 3 66 0
4.159 1 24 29 3 177 0
4.159 1 24 29 3 114 0
4.162 1 39 39 3 74 0
4.164 1 4 65 3 185 0
4.166 1 45 10 3 130 0
4.21 1 47 1 3 74 0
4.214 1 27 53 3 122 1
4.215 1 17 46 3 58 1
4.225 1 45 10 3 58 0
4.225 1 45 10 3 169 0
4.228 1 60 45 3 344 1
4.228 1 60 45 3 130 0
4.246 1 43 11 3 122 1
4.255 1 3 24 3 122 1
4.255 1 3 24 3 58 0
4.263 1 7 57 3 177 0
4.263 1 7 57 3 58 0
4.266 1 13 42 3 114 1
4.266 1 13 42 3 58 0
4.277 1 24 29 3 114 0
4.277 1 24 29 3 66 0
4.29 1 1 44 3 177 1
4.322 1 13 42 3 66 0
4.322 1 13 42 3 74 0
4.324 1 4 65 3 58 0
4.325 1 28 48 3 114 1
4.328 1 27 53 3 58 1
4.329 1 17 46 3 58 0
4.329 1 17 46 3 66 0
4.335 1 24 29 3 146 0
4.336 1 39 39 3 193 0
4.336 1 39 39 3 122 0
4.337 1 16 28 3 185 0
4.339 1 45 10 3 114 1
4.339 1 45 10 3 66 0
4.342 1 60 45 3 288 1
4.342 1 60 45 3 209 0
4.361 1 43 11 3 58 1
4.361 1 43 11 3 58 0
4.368 1 3 24 3 58 0
4.368 1 3 24 3 58 0
4.374 1 16 28 3 66 0
4.377 1 7 57 3 58 1
4.377 1 7 57 3 66 0
4.382 1 47 1 3 193 0
4.382 1 47 1 3 58 0
4.382 1 47 1 3 58 0
4.385 1 17 46 3 66 0
4.385 1 17 46 3 66 0
4.392 1 24 29 3 336 1
4.395 1 45 10 3 66 0
4.398 1 60 45 3 82 0
4.398 1 60 45 3 82 0
4.401 1 1 44 3 114 1
4.424 1 3 24 3 66 0
4.424 1 3 24 3 74 0
4.43 1 16 28 3 130 0
4.433 1 7 57 3 130 0
4.433 1 7 57 3 193 0
4.436 1 13 42 3 122 0
4.436 1 13 42 3 58 0
4.437 1 28 48 3 58 0
4.437 1 28 48 3 66 0
4.438 1 47 1 3 130 0
4.438 1 47 1 3 66 0
4.441 1 27 53 3 58 0
4.441 1 27 53 3 58 0
4.45 1 24 29 3 58 0
4.451 1 39 39 3 114 1
4.451 1 39 39 3 58 0
4.475 1 43 11 3 58 0
4.475 1 43 11 3 66 0
4.487 1 16 28 3 74 0
4.487 1 16 28 3 146 0
4.491 1 7 57 3 66 0
4.491 1 7 57 3 66 0
4.495 1 13 42 3 66 0
4.496 1 28 48 3 66 0
4.502 1 27 53 3 66 0
4.502 1 27 53 3 74 0
4.503 1 17 46 3 114 1
4.509 1 24 29 3 66 0
4.51 1 39 39 3 66 0
4.51 1 39 39 3 66 0
4.512 1 45 10 3 122 1
4.512 1 45 10 3 66 0
4.515 1 60 45 3 447 1
4.515 1 60 45 3 130 0
4.519 1 1 44 3 58 0
4.519 1 1 44 3 66 0
4.537 1 3 24 3 122 0
4.537 1 3 24 3 58 0
4.548 1 7 57 3 66 1
4.548 1 7 57 3 66 0
4.551 1 13 42 3 130 1
4.551 1 13 42 3 66 0
4.557 1 27 53 3 74 0
4.564 1 24 29 3 74 1
4.567 1 45 10 3 74 0
4.571 1 60 45 3 146 0
4.571 1 60 45 3 66 0
4.575 1 1 44 3 74 0
4.59 1 43 11 3 114 0
4.59 1 43 11 3 58 0
4.594 1 3 24 3 66 0
4.594 1 3 24 3 130 0
4.611 1 13 42 3 66 0
4.611 1 13 42 3 66 0
4.612 1 28 48 3 58 1
4.613 1 47 1 3 169 1
4.613 1 47 1 3 58 0
4.616 1 27 53 3 66 0
4.617 1 17 46 3 58 1
4.623 1 39 39 3 177 1
4.623 1 39 39 3 193 0
4.641 1 53 21 3 177 0
4.646 1 43 11 3 66 0
4.658 1 16 28 3 368 0
4.658 1 16 28 3 122 0
4.665 1 7 57 3 114 1
4.669 1 13 42 3 66 0
4.671 1 47 1 3 130 0
4.673 1 51 22 3 58 1
4.68 1 39 39 3 74 0
4.682 1 45 10 3 122 0
4.682 1 45 10 3 58 0
4.683 1 21 35 3 58 1
4.687 1 60 45 3 304 1
4.688 1 57 68 3 58 1
4.692 1 1 44 3 122 1
4.692 1 1 44 3 58 0
4.699 1 12 41 3 114 0
4.71 1 3 24 3 114 1
4.717 1 16 28 3 201 0
4.725 1 28 48 3 58 0
4.725 1 28 48 3 66 0
4.728 1 51 22 3 58 0
4.73 1 17 46 3 58 0
4.73 1 17 46 3 66 0
4.739 1 12 41 3 66 0
4.776 1 16 28 3 66 1
4.776 1 16 28 3 74 0
4.783 1 13 42 3 114 1
4.783 1 13 42 3 66 0
4.784 1 28 48 3 66 0
4.785 1 47 1 3 114 1
4.785 1 47 1 3 66 0
4.788 1 51 22 3 66 0
4.789 1 27 53 3 122 1
4.797 1 39 39 3 177 0
4.797 1 39 39 3 66 0
4.799 1 45 10 3 58 1
4.804 1 1 44 3 58 1
4.824 1 3 24 3 58 0
4.824 1 3 24 3 58 0
4.831 1 16 28 3 74 0
4.84 1 47 1 3 74 0
4.84 1 47 1 3 74 0
4.844 1 51 22 3 74 0
4.846 1 17 46 3 58 1
4.851 1 12 41 3 74 0
4.851 1 12 41 3 376 0
4.876 1 20 6 3 185 1
4.882 1 3 24 3 66 0
4.882 1 3 24 3 66 0
4.892 1 41 63 3 169 0
4.896 1 13 42 3 114 1
4.896 1 13 42 3 58 0
4.902 1 27 53 3 58 0
4.902 1 27 53 3 58 0
4.909 1 12 41 3 66 0
4.909 1 12 41 3 146 0
4.91 1 39 39 3 122 1
4.913 1 45 10 3 58 1
4.913 1 45 10 3 58 0
4.921 1 1 44 3 58 1
4.921 1 1 44 3 66 0
4.932 1 40 26 3 58 0
4.935 1 49 3 3 58 1
4.946 1 3 24 3 66 0
4.946 1 3 24 3 66 0
4.953 1 16 28 3 249 1
4.953 1 16 28 3 122 0
4.959 1 13 42 3 66 0
4.959 1 13 42 3 130 0
4.96 1 28 48 3 58 0
4.96 1 28 48 3 58 0
4.96 1 28 48 3 114 0
4.961 1 47 1 3 241 1
4.961 1 47 1 3 66 0
4.966 1 27 53 3 130 0
4.966 1 27 53 3 130 0
4.967 1 17 46 3 58 0
4.973 1 12 41 3 74 0
4.973 1 12 41 3 74 0
4.978 1 45 10 3 58 1
4.984 1 1 44 3 66 1
4.998 1 20 6 3 336 1
