0.00100008 2 1 1019 1000084 0
0.00100008 3 1 1019 1000084 0
0.00100008 4 1 1019 1000084 0
0.00100008 5 1 1019 1000084 0
0.00100008 6 1 1019 1000084 0
0.00100008 7 1 1019 1000084 0
0.00100008 8 1 1019 1000084 0
0.00260008 2 1 1019 1000084 0
0.00260008 3 1 1019 1000084 0
0.00260008 4 1 1019 1000084 0
0.00260008 5 1 1019 1000084 0
0.00260008 6 1 1019 1000084 0
0.00260008 7 1 1019 1000084 0
0.00260008 8 1 1019 1000084 0
0.00420008 2 1 1019 1000084 0
0.00420008 3 1 1019 1000084 0
0.00420008 4 1 1019 1000084 0
0.00420008 5 1 1019 1000084 0
0.00420008 6 1 1019 1000084 0
0.00420008 7 1 1019 1000084 0
0.00420008 8 1 1019 1000084 0
0.00580008 2 1 1019 1000084 0
0.00580008 3 1 1019 1000084 0
0.00580008 4 1 1019 1000084 0
0.00580008 5 1 1019 1000084 0
0.00580008 6 1 1019 1000084 0
0.00580008 7 1 1019 1000084 0
0.00580008 8 1 1019 1000084 0
0.00740008 2 1 1019 1000084 0
0.00740008 3 1 1019 1000084 0
0.00740008 4 1 1019 1000084 0
0.00740008 5 1 1019 1000084 0
0.00740008 6 1 1019 1000084 0
0.00740008 7 1 1019 1000084 0
0.00740008 8 1 1019 1000084 0
0.00900008 2 1 1019 1000084 0
0.00900008 3 1 1019 1000084 0
0.00900008 4 1 1019 1000084 0
0.00900008 5 1 1019 1000084 0
0.00900008 6 1 1019 1000084 0
0.00900008 7 1 1019 1000084 0
0.00900008 8 1 1019 1000084 0
0.0106001 2 1 1019 1000084 0
0.0106001 3 1 1019 1000084 0
0.0106001 4 1 1019 1000084 0
0.0106001 5 1 1019 1000084 0
0.0106001 6 1 1019 1000084 0
0.0106001 7 1 1019 1000084 0
0.0106001 8 1 1019 1000084 0
0.0122001 2 1 1019 1000084 0
0.0122001 3 1 1019 1000084 0
0.0122001 4 1 1019 1000084 0
0.0122001 5 1 1019 1000084 0
0.0122001 6 1 1019 1000084 0
0.0122001 7 1 1019 1000084 0
0.0122001 8 1 1019 1000084 0
0.0138001 2 1 1019 1000084 0
0.0138001 3 1 1019 1000084 0
0.0138001 4 1 1019 1000084 0
0.0138001 5 1 1019 1000084 0
0.0138001 6 1 1019 1000084 0
0.0138001 7 1 1019 1000084 0
0.0138001 8 1 1019 1000084 0
0.0154001 2 1 1019 1000084 0
0.0154001 3 1 1019 1000084 0
0.0154001 4 1 1019 1000084 0
0.0154001 5 1 1019 1000084 0
0.0154001 6 1 1019 1000084 0
0.0154001 7 1 1019 1000084 0
0.0154001 8 1 1019 1000084 0
0.0170001 2 1 1019 1000084 0
0.0170001 3 1 1019 1000084 0
0.0170001 4 1 1019 1000084 0
0.0170001 5 1 1019 1000084 0
0.0170001 6 1 1019 1000084 0
0.0170001 7 1 1019 1000084 0
0.0170001 8 1 1019 1000084 0
0.0186001 2 1 1019 1000084 0
0.0186001 3 1 1019 1000084 0
0.0186001 4 1 1019 1000084 0
0.0186001 5 1 1019 1000084 0
0.0186001 6 1 1019 1000084 0
0.0186001 7 1 1019 1000084 0
0.0186001 8 1 1019 1000084 0
0.0202001 2 1 1019 1000084 0
0.0202001 3 1 1019 1000084 0
0.0202001 4 1 1019 1000084 0
0.0202001 5 1 1019 1000084 0
0.0202001 6 1 1019 1000084 0
0.0202001 7 1 1019 1000084 0
0.0202001 8 1 1019 1000084 0
0.0218001 2 1 1019 1000084 0
0.0218001 3 1 1019 1000084 0
0.0218001 4 1 1019 1000084 0
0.0218001 5 1 1019 1000084 0
0.0218001 6 1 1019 1000084 0
0.0218001 7 1 1019 1000084 0
0.0218001 8 1 1019 1000084 0
0.0234001 2 1 1019 1000084 0
0.0234001 3 1 1019 1000084 0
0.0234001 4 1 1019 1000084 0
0.0234001 5 1 1019 1000084 0
0.0234001 6 1 1019 1000084 0
0.0234001 7 1 1019 1000084 0
0.0234001 8 1 1019 1000084 0
0.0250001 2 1 1019 1000084 0
0.0250001 3 1 1019 1000084 0
0.0250001 4 1 1019 1000084 0
0.0250001 5 1 1019 1000084 0
0.0250001 6 1 1019 1000084 0
0.0250001 7 1 1019 1000084 0
0.0250001 8 1 1019 1000084 0
0.0266001 2 1 1019 1000084 0
0.0266001 3 1 1019 1000084 0
0.0266001 4 1 1019 1000084 0
0.0266001 5 1 1019 1000084 0
0.0266001 6 1 1019 1000084 0
0.0266001 7 1 1019 1000084 0
0.0266001 8 1 1019 1000084 0
0.0282001 2 1 1019 1000084 0
0.0282001 3 1 1019 1000084 0
0.0282001 4 1 1019 1000084 0
0.0282001 5 1 1019 1000084 0
0.0282001 6 1 1019 1000084 0
0.0282001 7 1 1019 1000084 0
0.0282001 8 1 1019 1000084 0
0.0298001 2 1 1019 1000084 0
0.0298001 3 1 1019 1000084 0
0.0298001 4 1 1019 1000084 0
0.0298001 5 1 1019 1000084 0
0.0298001 6 1 1019 1000084 0
0.0298001 7 1 1019 1000084 0
0.0298001 8 1 1019 1000084 0
0.0314001 2 1 1019 1000084 0
0.0314001 3 1 1019 1000084 0
0.0314001 4 1 1019 1000084 0
0.0314001 5 1 1019 1000084 0
0.0314001 6 1 1019 1000084 0
0.0314001 7 1 1019 1000084 0
0.0314001 8 1 1019 1000084 0
0.0330001 2 1 1019 1000084 0
0.0330001 3 1 1019 1000084 0
0.0330001 4 1 1019 1000084 0
0.0330001 5 1 1019 1000084 0
0.0330001 6 1 1019 1000084 0
0.0330001 7 1 1019 1000084 0
0.0330001 8 1 1019 1000084 0
0.0346001 2 1 1019 1000084 0
0.0346001 3 1 1019 1000084 0
0.0346001 4 1 1019 1000084 0
0.0346001 5 1 1019 1000084 0
0.0346001 6 1 1019 1000084 0
0.0346001 7 1 1019 1000084 0
0.0346001 8 1 1019 1000084 0
0.0362001 2 1 1019 1000084 0
0.0362001 3 1 1019 1000084 0
0.0362001 4 1 1019 1000084 0
0.0362001 5 1 1019 1000084 0
0.0362001 6 1 1019 1000084 0
0.0362001 7 1 1019 1000084 0
0.0362001 8 1 1019 1000084 0
0.0378001 2 1 1019 1000084 0
0.0378001 3 1 1019 1000084 0
0.0378001 4 1 1019 1000084 0
0.0378001 5 1 1019 1000084 0
0.0378001 6 1 1019 1000084 0
0.0378001 7 1 1019 1000084 0
0.0378001 8 1 1019 1000084 0
0.0394001 2 1 1019 1000084 0
0.0394001 3 1 1019 1000084 0
0.0394001 4 1 1019 1000084 0
0.0394001 5 1 1019 1000084 0
0.0394001 6 1 1019 1000084 0
0.0394001 7 1 1019 1000084 0
0.0394001 8 1 1019 1000084 0
0.0410001 2 1 1019 1000084 0
0.0410001 3 1 1019 1000084 0
0.0410001 4 1 1019 1000084 0
0.0410001 5 1 1019 1000084 0
0.0410001 6 1 1019 1000084 0
0.0410001 7 1 1019 1000084 0
0.0410001 8 1 1019 1000084 0
0.0426001 2 1 1019 1000084 0
0.0426001 3 1 1019 1000084 0
0.0426001 4 1 1019 1000084 0
0.0426001 5 1 1019 1000084 0
0.0426001 6 1 1019 1000084 0
0.0426001 7 1 1019 1000084 0
0.0426001 8 1 1019 1000084 0
0.0442001 2 1 1019 1000084 0
0.0442001 3 1 1019 1000084 0
0.0442001 4 1 1019 1000084 0
0.0442001 5 1 1019 1000084 0
0.0442001 6 1 1019 1000084 0
0.0442001 7 1 1019 1000084 0
0.0442001 8 1 1019 1000084 0
0.0458001 2 1 1019 1000084 0
0.0458001 3 1 1019 1000084 0
0.0458001 4 1 1019 1000084 0
0.0458001 5 1 1019 1000084 0
0.0458001 6 1 1019 1000084 0
0.0458001 7 1 1019 1000084 0
0.0458001 8 1 1019 1000084 0
0.0474001 2 1 1019 1000084 0
0.0474001 3 1 1019 1000084 0
0.0474001 4 1 1019 1000084 0
0.0474001 5 1 1019 1000084 0
0.0474001 6 1 1019 1000084 0
0.0474001 7 1 1019 1000084 0
0.0474001 8 1 1019 1000084 0
0.0490001 2 1 1019 1000084 0
0.0490001 3 1 1019 1000084 0
0.0490001 4 1 1019 1000084 0
0.0490001 5 1 1019 1000084 0
0.0490001 6 1 1019 1000084 0
0.0490001 7 1 1019 1000084 0
0.0490001 8 1 1019 1000084 0
0.0506001 2 1 1019 1000084 0
0.0506001 3 1 1019 1000084 0
0.0506001 4 1 1019 1000084 0
0.0506001 5 1 1019 1000084 0
0.0506001 6 1 1019 1000084 0
0.0506001 7 1 1019 1000084 0
0.0506001 8 1 1019 1000084 0
0.0522001 2 1 1019 1000084 0
0.0522001 3 1 1019 1000084 0
0.0522001 4 1 1019 1000084 0
0.0522001 5 1 1019 1000084 0
0.0522001 6 1 1019 1000084 0
0.0522001 7 1 1019 1000084 0
0.0522001 8 1 1019 1000084 0
0.0527144 1 6 68 1000008 0
0.0527145 1 4 68 1000008 0
0.0527146 1 4 68 1000008 0
0.0527147 1 4 68 1000008 0
0.0527148 1 3 68 1000008 0
0.0527149 1 2 68 1000008 0
0.052715 1 6 68 1000008 0
0.052715 1 6 68 1000008 0
0.0527151 1 3 68 1000008 0
0.0527152 1 5 68 1000008 0
0.0527153 1 4 68 1000008 0
0.0527154 1 5 68 1000008 0
0.0527155 1 3 68 1000008 0
0.0527156 1 3 68 1000008 0
0.0527157 1 5 68 1000008 0
0.0527157 1 3 68 1000008 0
0.0537144 6 1 15 1000004 0
0.0537145 4 1 15 1000004 0
0.0537146 4 1 15 1000004 0
0.0537147 4 1 15 1000004 0
0.0537148 3 1 15 1000004 0
0.0537149 2 1 15 1000004 0
0.053715 6 1 15 1000004 0
0.0537151 6 1 15 1000004 0
0.0537151 3 1 15 1000004 0
0.0537152 5 1 15 1000004 0
0.0537153 4 1 15 1000004 0
0.0537154 5 1 15 1000004 0
0.0537155 3 1 15 1000004 0
0.0537156 3 1 15 1000004 0
0.0537157 5 1 15 1000004 0
0.0537157 3 1 15 1000004 0
0.0538001 2 1 1019 1000084 0
0.0538001 3 1 1019 1000084 0
0.0538001 4 1 1019 1000084 0
0.0538001 5 1 1019 1000084 0
0.0538001 6 1 1019 1000084 0
0.0538001 7 1 1019 1000084 0
0.0538001 8 1 1019 1000084 0
0.0554001 2 1 1019 1000084 0
0.0554001 3 1 1019 1000084 0
0.0554001 4 1 1019 1000084 0
0.0554001 5 1 1019 1000084 0
0.0554001 6 1 1019 1000084 0
0.0554001 7 1 1019 1000084 0
0.0554001 8 1 1019 1000084 0
0.0570001 2 1 1019 1000084 0
0.0570001 3 1 1019 1000084 0
0.0570001 4 1 1019 1000084 0
0.0570001 5 1 1019 1000084 0
0.0570001 6 1 1019 1000084 0
0.0570001 7 1 1019 1000084 0
0.0570001 8 1 1019 1000084 0
0.0577144 1 6 68 1000008 0
0.0577145 1 6 68 1000008 0
0.0577146 1 2 68 1000008 0
0.0577147 1 2 68 1000008 0
0.0577148 1 3 68 1000008 0
0.0577149 1 6 68 1000008 0
0.057715 1 2 68 1000008 0
0.057715 1 5 68 1000008 0
0.0577152 1 2 68 1000008 0
0.0577153 1 2 68 1000008 0
0.0577154 1 3 68 1000008 0
0.0577155 1 3 68 1000008 0
0.0577156 1 2 68 1000008 0
0.0577157 1 2 68 1000008 0
0.0577157 1 4 68 1000008 0
0.0586001 2 1 1019 1000084 0
0.0586001 3 1 1019 1000084 0
0.0586001 4 1 1019 1000084 0
0.0586001 5 1 1019 1000084 0
0.0586001 6 1 1019 1000084 0
0.0586001 7 1 1019 1000084 0
0.0586001 8 1 1019 1000084 0
0.0587144 6 1 15 1000004 0
0.0587145 6 1 15 1000004 0
0.0587146 2 1 15 1000004 0
0.0587147 2 1 15 1000004 0
0.0587148 3 1 15 1000004 0
0.0587149 6 1 15 1000004 0
0.058715 2 1 15 1000004 0
0.058715 5 1 15 1000004 0
0.0587152 2 1 15 1000004 0
0.0587153 2 1 15 1000004 0
0.0587154 3 1 15 1000004 0
0.0587155 3 1 15 1000004 0
0.0587156 2 1 15 1000004 0
0.0587157 2 1 15 1000004 0
0.0587157 4 1 15 1000004 0
0.0602001 2 1 1019 1000084 0
0.0602001 3 1 1019 1000084 0
0.0602001 4 1 1019 1000084 0
0.0602001 5 1 1019 1000084 0
0.0602001 6 1 1019 1000084 0
0.0602001 7 1 1019 1000084 0
0.0602001 8 1 1019 1000084 0
0.0618001 2 1 1019 1000084 0
0.0618001 3 1 1019 1000084 0
0.0618001 4 1 1019 1000084 0
0.0618001 5 1 1019 1000084 0
0.0618001 6 1 1019 1000084 0
0.0618001 7 1 1019 1000084 0
0.0618001 8 1 1019 1000084 0
0.0634001 2 1 1019 1000084 0
0.0634001 3 1 1019 1000084 0
0.0634001 4 1 1019 1000084 0
0.0634001 5 1 1019 1000084 0
0.0634001 6 1 1019 1000084 0
0.0634001 7 1 1019 1000084 0
0.0634001 8 1 1019 1000084 0
0.0637144 1 8 68 1000008 0
0.0637145 1 2 68 1000008 0
0.0637146 1 2 68 1000008 0
0.0637147 1 4 68 1000008 0
0.0637148 1 4 68 1000008 0
0.0637149 1 2 68 1000008 0
0.063715 1 5 68 1000008 0
0.063715 1 2 68 1000008 0
0.0637152 1 4 68 1000008 0
0.0637153 1 5 68 1000008 0
0.0637154 1 8 68 1000008 0
0.0637155 1 4 68 1000008 0
0.0637156 1 2 68 1000008 0
0.0637157 1 2 68 1000008 0
0.0647144 8 1 15 1000004 0
0.0647145 2 1 15 1000004 0
0.0647146 2 1 15 1000004 0
0.0647147 4 1 15 1000004 0
0.0647148 4 1 15 1000004 0
0.0647149 2 1 15 1000004 0
0.064715 5 1 15 1000004 0
0.064715 2 1 15 1000004 0
0.0647152 4 1 15 1000004 0
0.0647153 5 1 15 1000004 0
0.0647154 8 1 15 1000004 0
0.0647155 4 1 15 1000004 0
0.0647156 2 1 15 1000004 0
0.0647157 2 1 15 1000004 0
0.0650001 2 1 1019 1000084 0
0.0650001 3 1 1019 1000084 0
0.0650001 4 1 1019 1000084 0
0.0650001 5 1 1019 1000084 0
0.0650001 6 1 1019 1000084 0
0.0650001 7 1 1019 1000084 0
0.0650001 8 1 1019 1000084 0
0.0657679 1 4 68 1000008 0
0.0666001 2 1 1019 1000084 0
0.0666001 3 1 1019 1000084 0
0.0666001 4 1 1019 1000084 0
0.0666001 5 1 1019 1000084 0
0.0666001 6 1 1019 1000084 0
0.0666001 7 1 1019 1000084 0
0.0666001 8 1 1019 1000084 0
0.0667679 4 1 15 1000004 0
0.0682001 2 1 1019 1000084 0
0.0682001 3 1 1019 1000084 0
0.0682001 4 1 1019 1000084 0
0.0682001 5 1 1019 1000084 0
0.0682001 6 1 1019 1000084 0
0.0682001 7 1 1019 1000084 0
0.0682001 8 1 1019 1000084 0
0.0697144 1 6 68 1000008 0
0.0697145 1 2 68 1000008 0
0.0697146 1 5 68 1000008 0
0.0697147 1 2 68 1000008 0
0.0697148 1 4 68 1000008 0
0.0697149 1 3 68 1000008 0
0.069715 1 4 68 1000008 0
0.069715 1 5 68 1000008 0
0.0697151 1 2 68 1000008 0
0.0697152 1 5 68 1000008 0
0.0698001 2 1 1019 1000084 0
0.0698001 3 1 1019 1000084 0
0.0698001 4 1 1019 1000084 0
0.0698001 5 1 1019 1000084 0
0.0698001 6 1 1019 1000084 0
0.0698001 7 1 1019 1000084 0
0.0698001 8 1 1019 1000084 0
0.0707144 6 1 15 1000004 0
0.0707145 2 1 15 1000004 0
0.0707146 5 1 15 1000004 0
0.0707147 2 1 15 1000004 0
0.0707148 4 1 15 1000004 0
0.0707149 3 1 15 1000004 0
0.070715 4 1 15 1000004 0
0.0707151 5 1 15 1000004 0
0.0707151 2 1 15 1000004 0
0.0707152 5 1 15 1000004 0
0.0714001 2 1 1019 1000084 0
0.0714001 3 1 1019 1000084 0
0.0714001 4 1 1019 1000084 0
0.0714001 5 1 1019 1000084 0
0.0714001 6 1 1019 1000084 0
0.0714001 7 1 1019 1000084 0
0.0714001 8 1 1019 1000084 0
0.0730001 2 1 1019 1000084 0
0.0730001 3 1 1019 1000084 0
0.0730001 4 1 1019 1000084 0
0.0730001 5 1 1019 1000084 0
0.0730001 6 1 1019 1000084 0
0.0730001 7 1 1019 1000084 0
0.0730001 8 1 1019 1000084 0
0.0746001 2 1 1019 1000084 0
0.0746001 3 1 1019 1000084 0
0.0746001 4 1 1019 1000084 0
0.0746001 5 1 1019 1000084 0
0.0746001 6 1 1019 1000084 0
0.0746001 7 1 1019 1000084 0
0.0746001 8 1 1019 1000084 0
0.0756001 1 2 19 1000004 0
0.0757144 1 2 68 1000008 0
0.0757145 1 5 68 1000008 0
0.0757146 1 3 68 1000008 0
0.0757148 1 2 68 1000008 0
0.0762001 2 1 1019 1000084 0
0.0762001 3 1 1019 1000084 0
0.0762001 4 1 1019 1000084 0
0.0762001 5 1 1019 1000084 0
0.0762001 6 1 1019 1000084 0
0.0762001 7 1 1019 1000084 0
0.0762001 8 1 1019 1000084 0
0.0766001 2 5 127 1000013 0
0.0767144 2 1 15 1000004 0
0.0767145 5 1 15 1000004 0
0.0767146 3 1 15 1000004 0
0.0767148 2 1 15 1000004 0
0.0778001 2 1 1019 1000084 0
0.0778001 3 1 1019 1000084 0
0.0778001 4 1 1019 1000084 0
0.0778001 5 1 1019 1000084 0
0.0778001 6 1 1019 1000084 0
0.0778001 7 1 1019 1000084 0
0.0778001 8 1 1019 1000084 0
0.0794001 2 1 1019 1000084 0
0.0794001 3 1 1019 1000084 0
0.0794001 4 1 1019 1000084 0
0.0794001 5 1 1019 1000084 0
0.0794001 6 1 1019 1000084 0
0.0794001 7 1 1019 1000084 0
0.0794001 8 1 1019 1000084 0
0.0810001 2 1 1019 1000084 0
0.0810001 3 1 1019 1000084 0
0.0810001 4 1 1019 1000084 0
0.0810001 5 1 1019 1000084 0
0.0810001 6 1 1019 1000084 0
0.0810001 7 1 1019 1000084 0
0.0810001 8 1 1019 1000084 0
0.0826001 2 1 1019 1000084 0
0.0826001 3 1 1019 1000084 0
0.0826001 4 1 1019 1000084 0
0.0826001 5 1 1019 1000084 0
0.0826001 6 1 1019 1000084 0
0.0826001 7 1 1019 1000084 0
0.0826001 8 1 1019 1000084 0
0.0842001 2 1 1019 1000084 0
0.0842001 3 1 1019 1000084 0
0.0842001 4 1 1019 1000084 0
0.0842001 5 1 1019 1000084 0
0.0842001 6 1 1019 1000084 0
0.0842001 7 1 1019 1000084 0
0.0842001 8 1 1019 1000084 0
0.0858001 2 1 1019 1000084 0
0.0858001 3 1 1019 1000084 0
0.0858001 4 1 1019 1000084 0
0.0858001 5 1 1019 1000084 0
0.0858001 6 1 1019 1000084 0
0.0858001 7 1 1019 1000084 0
0.0858001 8 1 1019 1000084 0
0.0874001 2 1 1019 1000084 0
0.0874001 3 1 1019 1000084 0
0.0874001 4 1 1019 1000084 0
0.0874001 5 1 1019 1000084 0
0.0874001 6 1 1019 1000084 0
0.0874001 7 1 1019 1000084 0
0.0874001 8 1 1019 1000084 0
0.0890001 2 1 1019 1000084 0
0.0890001 3 1 1019 1000084 0
0.0890001 4 1 1019 1000084 0
0.0890001 5 1 1019 1000084 0
0.0890001 6 1 1019 1000084 0
0.0890001 7 1 1019 1000084 0
0.0890001 8 1 1019 1000084 0
0.0900001 1 4 11 1000003 0
0.0906001 2 1 1019 1000084 0
0.0906001 3 1 1019 1000084 0
0.0906001 4 1 1019 1000084 0
0.0906001 5 1 1019 1000084 0
0.0906001 6 1 1019 1000084 0
0.0906001 7 1 1019 1000084 0
0.0906001 8 1 1019 1000084 0
0.0922001 2 1 1019 1000084 0
0.0922001 3 1 1019 1000084 0
0.0922001 4 1 1019 1000084 0
0.0922001 5 1 1019 1000084 0
0.0922001 6 1 1019 1000084 0
0.0922001 7 1 1019 1000084 0
0.0922001 8 1 1019 1000084 0
0.0938001 2 1 1019 1000084 0
0.0938001 3 1 1019 1000084 0
0.0938001 4 1 1019 1000084 0
0.0938001 5 1 1019 1000084 0
0.0938001 6 1 1019 1000084 0
0.0938001 7 1 1019 1000084 0
0.0938001 8 1 1019 1000084 0
0.0954001 2 1 1019 1000084 0
0.0954001 3 1 1019 1000084 0
0.0954001 4 1 1019 1000084 0
0.0954001 5 1 1019 1000084 0
0.0954001 6 1 1019 1000084 0
0.0954001 7 1 1019 1000084 0
0.0954001 8 1 1019 1000084 0
0.0970001 2 1 1019 1000084 0
0.0970001 3 1 1019 1000084 0
0.0970001 4 1 1019 1000084 0
0.0970001 5 1 1019 1000084 0
0.0970001 6 1 1019 1000084 0
0.0970001 7 1 1019 1000084 0
0.0970001 8 1 1019 1000084 0
0.0986001 2 1 1019 1000084 0
0.0986001 3 1 1019 1000084 0
0.0986001 4 1 1019 1000084 0
0.0986001 5 1 1019 1000084 0
0.0986001 6 1 1019 1000084 0
0.0986001 7 1 1019 1000084 0
0.0986001 8 1 1019 1000084 0
0.1002 2 1 1019 1000084 0
0.1002 3 1 1019 1000084 0
0.1002 4 1 1019 1000084 0
0.1002 5 1 1019 1000084 0
0.1002 6 1 1019 1000084 0
0.1002 7 1 1019 1000084 0
0.1002 8 1 1019 1000084 0
0.1018 2 1 1019 1000084 0
0.1018 3 1 1019 1000084 0
0.1018 4 1 1019 1000084 0
0.1018 5 1 1019 1000084 0
0.1018 6 1 1019 1000084 0
0.1018 7 1 1019 1000084 0
0.1018 8 1 1019 1000084 0
0.1028 1 3 19 1000004 0
0.1034 2 1 1019 1000084 0
0.1034 3 1 1019 1000084 0
0.1034 4 1 1019 1000084 0
0.1034 5 1 1019 1000084 0
0.1034 6 1 1019 1000084 0
0.1034 7 1 1019 1000084 0
0.1034 8 1 1019 1000084 0
0.1038 3 7 127 1000013 0
0.1044 1 8 19 1000004 0
0.1044 1 2 19 1000004 0
0.1044 1 6 19 1000004 0
0.1044 1 5 19 1000004 0
0.1044 1 3 19 1000004 0
0.1044 1 8 19 1000008 0
0.1044 1 6 19 1000008 0
0.105 2 1 1019 1000084 0
0.105 3 1 1019 1000084 0
0.105 4 1 1019 1000084 0
0.105 5 1 1019 1000084 0
0.105 6 1 1019 1000084 0
0.105 7 1 1019 1000084 0
0.105 8 1 1019 1000084 0
0.1054 8 2 127 1000013 0
0.1054 2 8 127 1000013 0
0.1054 6 4 127 1000013 0
0.1054 5 4 127 1000013 0
0.1054 3 4 127 1000013 0
0.1054 8 2 127 1000022 0
0.1054 6 4 127 1000022 0
0.105768 1 4 68 1000008 0
0.106 1 4 19 1000004 0
0.106 1 4 19 1000008 0
0.106 1 4 19 1000012 0
0.106 1 4 19 1000016 0
0.106 1 4 19 1000020 0
0.106 1 4 19 1000024 0
0.106 1 4 19 1000028 0
0.106 1 4 19 1000032 0
0.106 1 4 19 1000036 0
0.106 1 4 19 1000040 0
0.106 1 4 19 1000044 0
0.106 1 4 19 1000048 0
0.106 1 2 11 1000003 0
0.106 1 6 11 1000003 0
0.106 1 4 11 1000003 0
0.106 1 5 11 1000003 0
0.106 1 4 11 1000006 0
0.106 1 4 11 1000009 0
0.1066 2 1 1019 1000084 0
0.1066 3 1 1019 1000084 0
0.1066 4 1 1019 1000084 0
0.1066 5 1 1019 1000084 0
0.1066 6 1 1019 1000084 0
0.1066 7 1 1019 1000084 0
0.1066 8 1 1019 1000084 0
0.106768 4 1 15 1000004 0
0.107 4 6 127 1000013 0
0.107 4 2 127 1000013 0
0.107 4 5 127 1000013 0
0.107 4 2 127 1000018 0
0.107 4 5 127 1000013 0
0.107 4 2 127 1000027 0
0.107 4 3 127 1000013 0
0.107 4 5 127 1000014 0
0.107 4 2 127 1000036 0
0.107 4 3 127 1000018 0
0.107 4 2 127 1000045 0
0.107 4 2 127 1000050 0
0.1076 1 4 11 1000003 0
0.1082 2 1 1019 1000084 0
0.1082 3 1 1019 1000084 0
0.1082 4 1 1019 1000084 0
0.1082 5 1 1019 1000084 0
0.1082 6 1 1019 1000084 0
0.1082 7 1 1019 1000084 0
0.1082 8 1 1019 1000084 0
0.1092 1 4 11 1000003 0
0.1098 2 1 1019 1000084 0
0.1098 3 1 1019 1000084 0
0.1098 4 1 1019 1000084 0
0.1098 5 1 1019 1000084 0
0.1098 6 1 1019 1000084 0
0.1098 7 1 1019 1000084 0
0.1098 8 1 1019 1000084 0
0.1108 1 4 11 1000003 0
0.1108 1 2 11 1000003 0
0.1114 2 1 1019 1000084 0
0.1114 3 1 1019 1000084 0
0.1114 4 1 1019 1000084 0
0.1114 5 1 1019 1000084 0
0.1114 6 1 1019 1000084 0
0.1114 7 1 1019 1000084 0
0.1114 8 1 1019 1000084 0
0.113 2 1 1019 1000084 0
0.113 3 1 1019 1000084 0
0.113 4 1 1019 1000084 0
0.113 5 1 1019 1000084 0
0.113 6 1 1019 1000084 0
0.113 7 1 1019 1000084 0
0.113 8 1 1019 1000084 0
0.114 1 5 11 1000003 0
0.1146 2 1 1019 1000084 0
0.1146 3 1 1019 1000084 0
0.1146 4 1 1019 1000084 0
0.1146 5 1 1019 1000084 0
0.1146 6 1 1019 1000084 0
0.1146 7 1 1019 1000084 0
0.1146 8 1 1019 1000084 0
0.1162 2 1 1019 1000084 0
0.1162 3 1 1019 1000084 0
0.1162 4 1 1019 1000084 0
0.1162 5 1 1019 1000084 0
0.1162 6 1 1019 1000084 0
0.1162 7 1 1019 1000084 0
0.1162 8 1 1019 1000084 0
0.1172 1 6 11 1000003 0
0.1178 2 1 1019 1000084 0
0.1178 3 1 1019 1000084 0
0.1178 4 1 1019 1000084 0
0.1178 5 1 1019 1000084 0
0.1178 6 1 1019 1000084 0
0.1178 7 1 1019 1000084 0
0.1178 8 1 1019 1000084 0
0.1194 2 1 1019 1000084 0
0.1194 3 1 1019 1000084 0
0.1194 4 1 1019 1000084 0
0.1194 5 1 1019 1000084 0
0.1194 6 1 1019 1000084 0
0.1194 7 1 1019 1000084 0
0.1194 8 1 1019 1000084 0
0.121 2 1 1019 1000084 0
0.121 3 1 1019 1000084 0
0.121 4 1 1019 1000084 0
0.121 5 1 1019 1000084 0
0.121 6 1 1019 1000084 0
0.121 7 1 1019 1000084 0
0.121 8 1 1019 1000084 0
0.1226 2 1 1019 1000084 0
0.1226 3 1 1019 1000084 0
0.1226 4 1 1019 1000084 0
0.1226 5 1 1019 1000084 0
0.1226 6 1 1019 1000084 0
0.1226 7 1 1019 1000084 0
0.1226 8 1 1019 1000084 0
0.1236 1 2 11 1000003 0
0.1242 2 1 1019 1000084 0
0.1242 3 1 1019 1000084 0
0.1242 4 1 1019 1000084 0
0.1242 5 1 1019 1000084 0
0.1242 6 1 1019 1000084 0
0.1242 7 1 1019 1000084 0
0.1242 8 1 1019 1000084 0
0.1258 2 1 1019 1000084 0
0.1258 3 1 1019 1000084 0
0.1258 4 1 1019 1000084 0
0.1258 5 1 1019 1000084 0
0.1258 6 1 1019 1000084 0
0.1258 7 1 1019 1000084 0
0.1258 8 1 1019 1000084 0
0.1274 2 1 1019 1000084 0
0.1274 3 1 1019 1000084 0
0.1274 4 1 1019 1000084 0
0.1274 5 1 1019 1000084 0
0.1274 6 1 1019 1000084 0
0.1274 7 1 1019 1000084 0
0.1274 8 1 1019 1000084 0
0.1284 1 2 11 1000003 0
0.129 2 1 1019 1000084 0
0.129 3 1 1019 1000084 0
0.129 4 1 1019 1000084 0
0.129 5 1 1019 1000084 0
0.129 6 1 1019 1000084 0
0.129 7 1 1019 1000084 0
0.129 8 1 1019 1000084 0
0.1306 2 1 1019 1000084 0
0.1306 3 1 1019 1000084 0
0.1306 4 1 1019 1000084 0
0.1306 5 1 1019 1000084 0
0.1306 6 1 1019 1000084 0
0.1306 7 1 1019 1000084 0
0.1306 8 1 1019 1000084 0
0.1322 2 1 1019 1000084 0
0.1322 3 1 1019 1000084 0
0.1322 4 1 1019 1000084 0
0.1322 5 1 1019 1000084 0
0.1322 6 1 1019 1000084 0
0.1322 7 1 1019 1000084 0
0.1322 8 1 1019 1000084 0
0.1332 1 2 11 1000003 0
0.1338 2 1 1019 1000084 0
0.1338 3 1 1019 1000084 0
0.1338 4 1 1019 1000084 0
0.1338 5 1 1019 1000084 0
0.1338 6 1 1019 1000084 0
0.1338 7 1 1019 1000084 0
0.1338 8 1 1019 1000084 0
0.1354 2 1 1019 1000084 0
0.1354 3 1 1019 1000084 0
0.1354 4 1 1019 1000084 0
0.1354 5 1 1019 1000084 0
0.1354 6 1 1019 1000084 0
0.1354 7 1 1019 1000084 0
0.1354 8 1 1019 1000084 0
0.137 2 1 1019 1000084 0
0.137 3 1 1019 1000084 0
0.137 4 1 1019 1000084 0
0.137 5 1 1019 1000084 0
0.137 6 1 1019 1000084 0
0.137 7 1 1019 1000084 0
0.137 8 1 1019 1000084 0
0.1374 1 3 19 1000004 0
0.1384 3 5 127 1000013 0
0.1386 2 1 1019 1000084 0
0.1386 3 1 1019 1000084 0
0.1386 4 1 1019 1000084 0
0.1386 5 1 1019 1000084 0
0.1386 6 1 1019 1000084 0
0.1386 7 1 1019 1000084 0
0.1386 8 1 1019 1000084 0
