0.02 0 1 1 0
0.02 0 2 1 0
0.02 0 3 1 0
0.02 0 4 1 0
0.02 0 5 1 0
0.02 0 6 1 0
0.02 0 7 1 0
0.02 0 8 1 0
0.02 0 9 1 0
0.02 0 10 1 0
0.02 0 11 1 0
0.02 0 12 1 0
0.02 0 13 1 0
0.02 0 14 1 0
0.02 0 15 1 0
0.02 0 16 1 0
0.02 0 17 1 0
0.02 0 18 1 0
0.0232143 0 6 1 0
0.0232143 0 2 1 0
0.0232143 0 11 1 0
0.0232143 0 1 1 0
0.0232143 0 7 1 0
0.0232143 0 15 1 0
0.0232143 0 4 1 0
0.0232143 0 12 1 0
0.0232143 0 3 1 0
0.0232143 0 5 1 0
0.0232143 0 8 1 0
0.0232143 0 16 1 0
0.0232143 0 14 1 0
0.0232143 0 9 1 0
0.0232143 0 13 1 0
0.0232143 0 10 1 0
0.025 0 19 1 0
0.025 0 20 1 0
0.025 0 21 1 0
0.025 0 22 1 0
0.025 0 23 1 0
0.025 0 24 1 0
0.025 0 25 1 0
0.025 0 26 1 0
0.025 0 27 1 0
0.025 0 28 1 0
0.025 0 29 1 0
0.025 0 30 1 0
0.025 0 31 1 0
0.025 0 32 1 0
0.025 0 33 1 0
0.025 0 34 1 0
0.025 0 35 1 0
0.025 0 36 1 0
0.025 0 37 1 0
0.025 0 38 1 0
0.0282143 0 33 1 0
0.0282143 0 21 1 0
0.0282143 0 23 1 0
0.0282143 0 24 1 0
0.0282143 0 19 1 0
0.0282143 0 27 1 0
0.0282143 0 29 1 0
0.0282143 0 20 1 0
0.0282143 0 25 1 0
0.0282143 0 28 1 0
0.0282143 0 26 1 0
0.0282143 0 30 1 0
0.0282143 0 22 1 0
0.0282143 0 31 1 0
0.0282143 0 34 1 0
0.0282143 0 32 1 0
0.03 0 1 1 0
0.03 0 2 1 0
0.03 0 3 1 0
0.03 0 4 1 0
0.03 0 5 1 0
0.03 0 6 1 0
0.03 0 7 1 0
0.03 0 8 1 0
0.03 0 9 1 0
0.03 0 10 1 0
0.03 0 11 1 0
0.03 0 12 1 0
0.03 0 13 1 0
0.03 0 14 1 0
0.03 0 15 1 0
0.03 0 16 1 0
0.03 0 17 1 0
0.03 0 18 1 0
0.031 0 39 1 0
0.031 0 40 1 0
0.031 0 41 1 0
0.031 0 42 1 0
0.031 0 43 1 0
0.031 0 44 1 0
0.031 0 45 1 0
0.031 0 46 1 0
0.031 0 47 1 0
0.031 0 48 1 0
0.031 0 49 1 0
0.031 0 50 1 0
0.031 0 51 1 0
0.031 0 52 1 0
0.031 0 53 1 0
0.0332143 0 6 1 0
0.0332143 0 2 1 0
0.0332143 0 11 1 0
0.0332143 0 1 1 0
0.0332143 0 7 1 0
0.0332143 0 15 1 0
0.0332143 0 4 1 0
0.0332143 0 12 1 0
0.0332143 0 3 1 0
0.0332143 0 5 1 0
0.0332143 0 8 1 0
0.0332143 0 16 1 0
0.0332143 0 14 1 0
0.0332143 0 9 1 0
0.0332143 0 13 1 0
0.0332143 0 10 1 0
0.0342143 0 51 1 0
0.0342143 0 52 1 0
0.0342143 0 49 1 0
0.0342143 0 43 1 0
0.0342143 0 45 1 0
0.0342143 0 48 1 0
0.0342143 0 40 1 0
0.0342143 0 41 1 0
0.0342143 0 42 1 0
0.0342143 0 39 1 0
0.0342143 0 46 1 0
0.0342143 0 53 1 0
0.0342143 0 50 1 0
0.0342143 0 44 1 0
0.0342143 0 47 1 0
0.035 0 19 1 0
0.035 0 20 1 0
0.035 0 21 1 0
0.035 0 22 1 0
0.035 0 23 1 0
0.035 0 24 1 0
0.035 0 25 1 0
0.035 0 26 1 0
0.035 0 27 1 0
0.035 0 28 1 0
0.035 0 29 1 0
0.035 0 30 1 0
0.035 0 31 1 0
0.035 0 32 1 0
0.035 0 33 1 0
0.035 0 34 1 0
0.035 0 35 1 0
0.035 0 36 1 0
0.035 0 37 1 0
0.035 0 38 1 0
0.037 0 54 1 0
0.037 0 55 1 0
0.037 0 56 1 0
0.037 0 57 1 0
0.037 0 58 1 0
0.037 0 59 1 0
0.037 0 60 1 0
0.037 0 61 1 0
0.037 0 62 1 0
0.037 0 63 1 0
0.0382143 0 33 1 0
0.0382143 0 21 1 0
0.0382143 0 23 1 0
0.0382143 0 24 1 0
0.0382143 0 19 1 0
0.0382143 0 27 1 0
0.0382143 0 29 1 0
0.0382143 0 20 1 0
0.0382143 0 25 1 0
0.0382143 0 28 1 0
0.0382143 0 26 1 0
0.0382143 0 30 1 0
0.0382143 0 22 1 0
0.0382143 0 31 1 0
0.0382143 0 34 1 0
0.0382143 0 32 1 0
0.04 0 1 1 0
0.04 0 2 1 0
0.04 0 3 1 0
0.04 0 4 1 0
0.04 0 5 1 0
0.04 0 6 1 0
0.04 0 7 1 0
0.04 0 8 1 0
0.04 0 9 1 0
0.04 0 10 1 0
0.04 0 11 1 0
0.04 0 12 1 0
0.04 0 13 1 0
0.04 0 14 1 0
0.04 0 15 1 0
0.04 0 16 1 0
0.0402143 0 63 1 0
0.0402143 0 62 1 0
0.0402143 0 58 1 0
0.0402143 0 54 1 0
0.0402143 0 55 1 0
0.0402143 0 61 1 0
0.0402143 0 57 1 0
0.0402143 0 59 1 0
0.0402143 0 56 1 0
0.0402143 0 60 1 0
0.041 0 39 1 0
0.041 0 40 1 0
0.041 0 41 1 0
0.041 0 42 1 0
0.041 0 43 1 0
0.041 0 44 1 0
0.041 0 45 1 0
0.041 0 46 1 0
0.041 0 47 1 0
0.041 0 48 1 0
0.041 0 49 1 0
0.041 0 50 1 0
0.041 0 51 1 0
0.041 0 52 1 0
0.041 0 53 1 0
0.043 0 64 1 0
0.043 0 65 1 0
0.043 0 66 1 0
0.043 0 67 1 0
0.043 0 68 1 0
0.043 0 69 1 0
0.0432143 0 6 1 0
0.0432143 0 2 1 0
0.0432143 0 11 1 0
0.0432143 0 1 1 0
0.0432143 0 7 1 0
0.0432143 0 15 1 0
0.0432143 0 4 1 0
0.0432143 0 12 1 0
0.0432143 0 3 1 0
0.0432143 0 5 1 0
0.0432143 0 8 1 0
0.0432143 0 16 1 0
0.0432143 0 14 1 0
0.0432143 0 9 1 0
0.0432143 0 13 1 0
0.0432143 0 10 1 0
0.0442143 0 51 1 0
0.0442143 0 52 1 0
0.0442143 0 49 1 0
0.0442143 0 43 1 0
0.0442143 0 45 1 0
0.0442143 0 48 1 0
0.0442143 0 40 1 0
0.0442143 0 41 1 0
0.0442143 0 42 1 0
0.0442143 0 39 1 0
0.0442143 0 46 1 0
0.0442143 0 53 1 0
0.0442143 0 50 1 0
0.0442143 0 44 1 0
0.0442143 0 47 1 0
0.04475 0 1 1 0
0.04475 0 2 1 0
0.04475 0 3 1 0
0.04475 0 4 1 0
0.04475 0 5 1 0
0.04475 0 6 1 0
0.04475 0 7 1 0
0.04475 0 8 1 0
0.04475 0 9 1 0
0.04475 0 10 1 0
0.04475 0 11 1 0
0.04475 0 12 1 0
0.04475 0 13 1 0
0.04475 0 14 1 0
0.04475 0 15 1 0
0.04475 0 16 1 0
0.04475 0 17 1 0
0.04475 0 1 1 0
0.04475 0 2 1 0
0.04475 0 3 1 0
0.04475 0 4 1 0
0.04475 0 5 1 0
0.04475 0 6 1 0
0.04475 0 7 1 0
0.04475 0 8 1 0
0.04475 0 9 1 0
0.04475 0 1 1 0
0.04475 0 2 1 0
0.04475 0 3 1 0
0.04475 0 4 1 0
0.04475 0 5 1 0
0.04475 0 6 1 0
0.04475 0 7 1 0
0.04475 0 8 1 0
0.04475 0 9 1 0
0.04475 0 10 1 0
0.04475 0 11 1 0
0.04475 0 1 1 0
0.04475 0 2 1 0
0.04475 0 3 1 0
0.04475 0 4 1 0
0.04475 0 5 1 0
0.04475 0 6 1 0
0.04475 0 7 1 0
0.04475 0 8 1 0
0.04475 0 9 1 0
0.04475 0 1 1 0
0.04475 0 2 1 0
0.04475 0 3 1 0
0.04475 0 4 1 0
0.04475 0 5 1 0
0.04475 0 6 1 0
0.04475 0 7 1 0
0.04475 0 1 1 0
0.04475 0 2 1 0
0.045 0 19 1 0
0.045 0 20 1 0
0.045 0 21 1 0
0.045 0 22 1 0
0.045 0 23 1 0
0.045 0 24 1 0
0.045 0 25 1 0
0.045 0 26 1 0
0.045 0 27 1 0
0.045 0 28 1 0
0.045 0 29 1 0
0.045 0 30 1 0
0.045 0 31 1 0
0.045 0 32 1 0
0.045 0 33 1 0
0.045 0 34 1 0
0.0462143 0 69 1 0
0.0462143 0 64 1 0
0.0462143 0 68 1 0
0.0462143 0 67 1 0
0.0462143 0 65 1 0
0.0462143 0 66 1 0
0.0462679 0 7 1 0
0.0462679 0 4 1 0
0.0462679 0 5 1 0
0.0462679 0 10 1 0
0.0462679 0 11 1 0
0.0462679 0 12 1 0
0.0462679 0 13 1 0
0.0462679 0 15 1 0
0.0462679 0 2 1 0
0.0462679 0 3 1 0
0.0462679 0 8 1 0
0.0462679 0 9 1 0
0.0462679 0 14 1 0
0.0462679 0 17 1 0
0.0462679 0 1 1 0
0.0462679 0 6 1 0
0.0462679 0 16 1 0
0.0462679 0 1 1 0
0.0462679 0 3 1 0
0.0462679 0 4 1 0
0.0462679 0 5 1 0
0.0462679 0 9 1 0
0.0462679 0 2 1 0
0.0462679 0 7 1 0
0.0462679 0 8 1 0
0.0462679 0 6 1 0
0.0462679 0 1 1 0
0.0462679 0 2 1 0
0.0462679 0 4 1 0
0.0462679 0 7 1 0
0.0462679 0 11 1 0
0.0462679 0 3 1 0
0.0462679 0 5 1 0
0.0462679 0 8 1 0
0.0462679 0 9 1 0
0.0462679 0 6 1 0
0.0462679 0 10 1 0
0.0462679 0 3 1 0
0.0462679 0 4 1 0
0.0462679 0 6 1 0
0.0462679 0 5 1 0
0.0462679 0 2 1 0
0.0462679 0 7 1 0
0.0462679 0 1 1 0
0.0462679 0 8 1 0
0.0462679 0 9 1 0
0.0462679 0 2 1 0
0.0462679 0 5 1 0
0.0462679 0 6 1 0
0.0462679 0 3 1 0
0.0462679 0 4 1 0
0.0462679 0 7 1 0
0.0462679 0 1 1 0
0.0462679 0 1 1 0
0.0462679 0 2 1 0
0.047 0 54 1 0
0.047 0 55 1 0
0.047 0 56 1 0
0.047 0 57 1 0
0.047 0 58 1 0
0.047 0 59 1 0
0.047 0 60 1 0
0.047 0 61 1 0
0.047 0 62 1 0
0.047 0 63 1 0
0.0482143 0 33 1 0
0.0482143 0 21 1 0
0.0482143 0 23 1 0
0.0482143 0 24 1 0
0.0482143 0 19 1 0
0.0482143 0 27 1 0
0.0482143 0 29 1 0
0.0482143 0 20 1 0
0.0482143 0 25 1 0
0.0482143 0 28 1 0
0.0482143 0 26 1 0
0.0482143 0 30 1 0
0.0482143 0 22 1 0
0.0482143 0 31 1 0
0.0482143 0 34 1 0
0.0482143 0 32 1 0
0.05 0 1 1 0
0.05 0 2 1 0
0.05 0 3 1 0
0.05 0 4 1 0
0.05 0 5 1 0
0.05 0 6 1 0
0.05 0 7 1 0
0.05 0 8 1 0
0.05 0 9 1 0
0.05 0 10 1 0
0.05 0 11 1 0
0.05 0 12 1 0
0.05 0 13 1 0
0.05 0 14 1 0
0.05 0 15 1 0
0.05 0 16 1 0
0.0502143 0 63 1 0
0.0502143 0 62 1 0
0.0502143 0 58 1 0
0.0502143 0 54 1 0
0.0502143 0 55 1 0
0.0502143 0 61 1 0
0.0502143 0 57 1 0
0.0502143 0 59 1 0
0.0502143 0 56 1 0
0.0502143 0 60 1 0
0.051 0 39 1 0
0.051 0 40 1 0
0.051 0 41 1 0
0.051 0 42 1 0
0.051 0 43 1 0
0.051 0 44 1 0
0.051 0 45 1 0
0.051 0 46 1 0
0.051 0 47 1 0
0.051 0 48 1 0
0.051 0 49 1 0
0.051 0 50 1 0
0.051 0 51 1 0
0.051 0 52 1 0
0.051 0 53 1 0
0.0527144 4 6 3 0
0.0527145 8 2 3 0
0.0527146 9 11 3 0
0.0527147 15 1 3 0
0.0527148 18 7 3 0
0.0527149 20 15 3 0
0.052715 26 4 3 0
0.052715 28 12 3 0
0.0527151 30 3 3 0
0.0527152 31 5 3 0
0.0527153 34 8 3 0
0.0527154 37 16 3 0
0.0527155 40 14 3 0
0.0527156 41 9 3 0
0.0527156 43 13 3 0
0.0527157 63 10 3 0
0.053 0 64 1 0
0.053 0 65 1 0
0.053 0 66 1 0
0.053 0 67 1 0
0.053 0 68 1 0
0.053 0 69 1 0
0.0532143 0 6 1 0
0.0532143 0 2 1 0
0.0532143 0 11 1 0
0.0532143 0 1 1 0
0.0532143 0 7 1 0
0.0532143 0 15 1 0
0.0532143 0 4 1 0
0.0532143 0 12 1 0
0.0532143 0 3 1 0
0.0532143 0 5 1 0
0.0532143 0 8 1 0
0.0532143 0 16 1 0
0.0532143 0 14 1 0
0.0532143 0 9 1 0
0.0532143 0 13 1 0
0.0532143 0 10 1 0
0.0532144 0 6 3 0
0.0532145 0 2 3 0
0.0532146 0 11 3 0
0.0532147 0 1 3 0
0.0532148 0 7 3 0
0.0532149 0 15 3 0
0.053215 0 4 3 0
0.053215 0 12 3 0
0.0532151 0 3 3 0
0.0532152 0 5 3 0
0.0532153 0 8 3 0
0.0532154 0 16 3 0
0.0532155 0 14 3 0
0.0532156 0 9 3 0
0.0532156 0 13 3 0
0.0532157 0 10 3 0
0.0542143 0 51 1 0
0.0542143 0 52 1 0
0.0542143 0 49 1 0
0.0542143 0 43 1 0
0.0542143 0 45 1 0
0.0542143 0 48 1 0
0.0542143 0 40 1 0
0.0542143 0 41 1 0
0.0542143 0 42 1 0
0.0542143 0 39 1 0
0.0542143 0 46 1 0
0.0542143 0 53 1 0
0.0542143 0 50 1 0
0.0542143 0 44 1 0
0.0542143 0 47 1 0
0.0547144 4 2 3 0
0.0547145 8 1 3 0
0.0547146 9 2 3 0
0.0547147 15 4 3 0
0.0547148 18 1 3 0
0.0547149 20 7 3 0
0.054715 26 5 3 0
0.054715 28 6 3 0
0.0547151 30 3 3 0
0.0547152 31 3 3 0
0.0547153 34 7 3 0
0.0547154 37 4 3 0
0.0547155 40 4 3 0
0.0547156 41 5 3 0
0.0547157 43 6 3 0
0.0547157 63 9 3 0
0.05475 0 1 1 0
0.05475 0 2 1 0
0.05475 0 3 1 0
0.05475 0 4 1 0
0.05475 0 5 1 0
0.05475 0 6 1 0
0.05475 0 7 1 0
0.05475 0 8 1 0
0.05475 0 9 1 0
0.05475 0 10 1 0
0.05475 0 11 1 0
0.05475 0 12 1 0
0.05475 0 13 1 0
0.05475 0 14 1 0
0.05475 0 15 1 0
0.05475 0 16 1 0
0.05475 0 17 1 0
0.05475 0 1 1 0
0.05475 0 2 1 0
0.05475 0 3 1 0
0.05475 0 4 1 0
0.05475 0 5 1 0
0.05475 0 6 1 0
0.05475 0 7 1 0
0.05475 0 8 1 0
0.05475 0 9 1 0
0.05475 0 1 1 0
0.05475 0 2 1 0
0.05475 0 3 1 0
0.05475 0 4 1 0
0.05475 0 5 1 0
0.05475 0 6 1 0
0.05475 0 7 1 0
0.05475 0 8 1 0
0.05475 0 9 1 0
0.05475 0 10 1 0
0.05475 0 11 1 0
0.05475 0 1 1 0
0.05475 0 2 1 0
0.05475 0 3 1 0
0.05475 0 4 1 0
0.05475 0 5 1 0
0.05475 0 6 1 0
0.05475 0 7 1 0
0.05475 0 8 1 0
0.05475 0 9 1 0
0.05475 0 1 1 0
0.05475 0 2 1 0
0.05475 0 3 1 0
0.05475 0 4 1 0
0.05475 0 5 1 0
0.05475 0 6 1 0
0.05475 0 7 1 0
0.05475 0 1 1 0
0.05475 0 2 1 0
0.055 0 19 1 0
0.055 0 20 1 0
0.055 0 21 1 0
0.055 0 22 1 0
0.055 0 23 1 0
0.055 0 24 1 0
0.055 0 25 1 0
0.055 0 26 1 0
0.055 0 27 1 0
0.055 0 28 1 0
0.055 0 29 1 0
0.055 0 30 1 0
0.055 0 31 1 0
0.055 0 32 1 0
0.055 0 33 1 0
0.055 0 34 1 0
0.0562143 0 69 1 0
0.0562143 0 64 1 0
0.0562143 0 68 1 0
0.0562143 0 67 1 0
0.0562143 0 65 1 0
0.0562143 0 66 1 0
0.0562144 0 2 3 0
0.0562145 0 1 3 0
0.0562146 0 2 3 0
0.0562147 0 4 3 0
0.0562148 0 1 3 0
0.0562149 0 7 3 0
0.056215 0 5 3 0
0.0562151 0 6 3 0
0.0562151 0 3 3 0
0.0562152 0 3 3 0
0.0562153 0 7 3 0
0.0562154 0 4 3 0
0.0562155 0 4 3 0
0.0562156 0 5 3 0
0.0562157 0 6 3 0
0.0562157 0 9 3 0
0.0562679 0 7 1 0
0.0562679 0 4 1 0
0.0562679 0 5 1 0
0.0562679 0 10 1 0
0.0562679 0 11 1 0
0.0562679 0 12 1 0
0.0562679 0 13 1 0
0.0562679 0 15 1 0
0.0562679 0 2 1 0
0.0562679 0 3 1 0
0.0562679 0 8 1 0
0.0562679 0 9 1 0
0.0562679 0 14 1 0
0.0562679 0 17 1 0
0.0562679 0 1 1 0
0.0562679 0 6 1 0
0.0562679 0 16 1 0
0.0562679 0 1 1 0
0.0562679 0 3 1 0
0.0562679 0 4 1 0
0.0562679 0 5 1 0
0.0562679 0 9 1 0
0.0562679 0 2 1 0
0.0562679 0 7 1 0
0.0562679 0 8 1 0
0.0562679 0 6 1 0
0.0562679 0 1 1 0
0.0562679 0 2 1 0
0.0562679 0 4 1 0
0.0562679 0 7 1 0
0.0562679 0 11 1 0
0.0562679 0 3 1 0
0.0562679 0 5 1 0
0.0562679 0 8 1 0
0.0562679 0 9 1 0
0.0562679 0 6 1 0
0.0562679 0 10 1 0
0.0562679 0 3 1 0
0.0562679 0 4 1 0
0.0562679 0 6 1 0
0.0562679 0 5 1 0
0.0562679 0 2 1 0
0.0562679 0 7 1 0
0.0562679 0 1 1 0
0.0562679 0 8 1 0
0.0562679 0 9 1 0
0.0562679 0 2 1 0
0.0562679 0 5 1 0
0.0562679 0 6 1 0
0.0562679 0 3 1 0
0.0562679 0 4 1 0
0.0562679 0 7 1 0
0.0562679 0 1 1 0
0.0562679 0 1 1 0
0.0562679 0 2 1 0
0.057 0 54 1 0
0.057 0 55 1 0
0.057 0 56 1 0
0.057 0 57 1 0
0.057 0 58 1 0
0.057 0 59 1 0
0.057 0 60 1 0
0.057 0 61 1 0
0.057 0 62 1 0
0.057 0 63 1 0
0.0577144 7 33 3 0
0.0577145 10 21 3 0
0.0577146 11 23 3 0
0.0577147 16 24 3 0
0.0577148 29 19 3 0
0.0577149 32 27 3 0
0.057715 35 29 3 0
0.057715 38 20 3 0
0.0577151 39 25 3 0
0.0577152 45 28 3 0
0.0577153 46 26 3 0
0.0577154 51 30 3 0
0.0577155 53 22 3 0
0.0577156 54 31 3 0
0.0577156 56 34 3 0
0.0577157 62 32 3 0
0.0582143 0 33 1 0
0.0582143 0 21 1 0
0.0582143 0 23 1 0
0.0582143 0 24 1 0
0.0582143 0 19 1 0
0.0582143 0 27 1 0
0.0582143 0 29 1 0
0.0582143 0 20 1 0
0.0582143 0 25 1 0
0.0582143 0 28 1 0
0.0582143 0 26 1 0
0.0582143 0 30 1 0
0.0582143 0 22 1 0
0.0582143 0 31 1 0
0.0582143 0 34 1 0
0.0582143 0 32 1 0
0.0582144 0 33 3 0
0.0582145 0 21 3 0
0.0582146 0 23 3 0
0.0582147 0 24 3 0
0.0582148 0 19 3 0
0.0582149 0 27 3 0
0.058215 0 29 3 0
0.058215 0 20 3 0
0.0582151 0 25 3 0
0.0582152 0 28 3 0
0.0582153 0 26 3 0
0.0582154 0 30 3 0
0.0582155 0 22 3 0
0.0582156 0 31 3 0
0.0582156 0 34 3 0
0.0582157 0 32 3 0
0.0597144 7 3 3 0
0.0597145 10 4 3 0
0.0597146 11 4 3 0
0.0597147 16 5 3 0
0.0597148 29 2 3 0
0.0597149 32 7 3 0
0.059715 35 10 3 0
0.059715 38 5 3 0
0.0597152 45 11 3 0
0.0597153 46 12 3 0
0.0597154 51 7 3 0
0.0597155 53 8 3 0
0.0597156 54 13 3 0
0.0597157 56 15 3 0
0.0597157 62 11 3 0
0.06 0 1 1 0
0.06 0 2 1 0
0.06 0 3 1 0
0.06 0 4 1 0
0.06 0 5 1 0
0.06 0 6 1 0
0.06 0 7 1 0
0.06 0 8 1 0
0.06 0 9 1 0
0.06 0 10 1 0
0.06 0 11 1 0
0.06 0 12 1 0
0.06 0 13 1 0
0.06 0 14 1 0
0.06 0 15 1 0
0.06 0 16 1 0
0.0602143 0 63 1 0
0.0602143 0 62 1 0
0.0602143 0 58 1 0
0.0602143 0 54 1 0
0.0602143 0 55 1 0
0.0602143 0 61 1 0
0.0602143 0 57 1 0
0.0602143 0 59 1 0
0.0602143 0 56 1 0
0.0602143 0 60 1 0
0.061 0 39 1 0
0.061 0 40 1 0
0.061 0 41 1 0
0.061 0 42 1 0
0.061 0 43 1 0
0.061 0 44 1 0
0.061 0 45 1 0
0.061 0 46 1 0
0.061 0 47 1 0
0.061 0 48 1 0
0.061 0 49 1 0
0.061 0 50 1 0
0.061 0 51 1 0
0.061 0 52 1 0
0.061 0 53 1 0
0.0612144 0 3 3 0
0.0612145 0 4 3 0
0.0612146 0 4 3 0
0.0612147 0 5 3 0
0.0612148 0 2 3 0
0.0612149 0 7 3 0
0.061215 0 10 3 0
0.0612151 0 5 3 0
0.0612152 0 11 3 0
0.0612153 0 12 3 0
0.0612154 0 7 3 0
0.0612155 0 8 3 0
0.0612156 0 13 3 0
0.0612157 0 15 3 0
0.0612157 0 11 3 0
0.0627144 4 6 3 0
0.0627145 8 2 3 0
0.0627146 9 11 3 0
0.0627147 15 1 3 0
0.0627148 18 7 3 0
0.0627149 20 15 3 0
0.062715 26 4 3 0
0.062715 28 12 3 0
0.0627151 30 3 3 0
0.0627152 31 5 3 0
0.0627153 34 8 3 0
0.0627154 37 16 3 0
0.0627155 40 14 3 0
0.0627156 41 9 3 0
0.0627156 43 13 3 0
0.0627157 63 10 3 0
0.063 0 64 1 0
0.063 0 65 1 0
0.063 0 66 1 0
0.063 0 67 1 0
0.063 0 68 1 0
0.063 0 69 1 0
0.0632143 0 6 1 0
0.0632143 0 2 1 0
0.0632143 0 11 1 0
0.0632143 0 1 1 0
0.0632143 0 7 1 0
0.0632143 0 15 1 0
0.0632143 0 4 1 0
0.0632143 0 12 1 0
0.0632143 0 3 1 0
0.0632143 0 5 1 0
0.0632143 0 8 1 0
0.0632143 0 16 1 0
0.0632143 0 14 1 0
0.0632143 0 9 1 0
0.0632143 0 13 1 0
0.0632143 0 10 1 0
0.0632144 0 6 3 0
0.0632145 0 2 3 0
0.0632146 0 11 3 0
0.0632147 0 1 3 0
0.0632148 0 7 3 0
0.0632149 0 15 3 0
0.063215 0 4 3 0
0.063215 0 12 3 0
0.0632151 0 3 3 0
0.0632152 0 5 3 0
0.0632153 0 8 3 0
0.0632154 0 16 3 0
0.0632155 0 14 3 0
0.0632156 0 9 3 0
0.0632156 0 13 3 0
0.0632157 0 10 3 0
0.0637144 3 51 3 0
0.0637145 5 52 3 0
0.0637146 6 49 3 0
0.0637147 14 43 3 0
0.0637148 17 45 3 0
0.0637149 22 48 3 0
0.063715 23 40 3 0
0.063715 27 41 3 0
0.0637151 33 42 3 0
0.0637152 42 39 3 0
0.0637153 44 46 3 0
0.0637154 47 53 3 0
0.0637155 48 50 3 0
0.0637156 55 44 3 0
0.0637156 60 47 3 0
0.0642143 0 51 1 0
0.0642143 0 52 1 0
0.0642143 0 49 1 0
0.0642143 0 43 1 0
0.0642143 0 45 1 0
0.0642143 0 48 1 0
0.0642143 0 40 1 0
0.0642143 0 41 1 0
0.0642143 0 42 1 0
0.0642143 0 39 1 0
0.0642143 0 46 1 0
0.0642143 0 53 1 0
0.0642143 0 50 1 0
0.0642143 0 44 1 0
0.0642143 0 47 1 0
0.0642144 0 51 3 0
0.0642145 0 52 3 0
0.0642146 0 49 3 0
0.0642147 0 43 3 0
0.0642148 0 45 3 0
0.0642149 0 48 3 0
0.064215 0 40 3 0
0.064215 0 41 3 0
0.0642151 0 42 3 0
0.0642152 0 39 3 0
0.0642153 0 46 3 0
0.0642154 0 53 3 0
0.0642155 0 50 3 0
0.0642156 0 44 3 0
0.0642156 0 47 3 0
0.0647144 4 2 3 0
0.0647145 8 1 3 0
0.0647146 9 2 3 0
0.0647147 15 4 3 0
0.0647148 18 1 3 0
0.0647149 20 7 3 0
0.064715 26 5 3 0
0.064715 28 6 3 0
0.0647151 30 3 3 0
0.0647152 31 3 3 0
0.0647153 34 7 3 0
0.0647154 37 4 3 0
0.0647155 40 4 3 0
0.0647156 41 5 3 0
0.0647157 43 6 3 0
0.0647157 63 9 3 0
0.06475 0 1 1 0
0.06475 0 2 1 0
0.06475 0 3 1 0
0.06475 0 4 1 0
0.06475 0 5 1 0
0.06475 0 6 1 0
0.06475 0 7 1 0
0.06475 0 8 1 0
0.06475 0 9 1 0
0.06475 0 10 1 0
0.06475 0 11 1 0
0.06475 0 12 1 0
0.06475 0 13 1 0
0.06475 0 14 1 0
0.06475 0 15 1 0
0.06475 0 16 1 0
0.06475 0 17 1 0
0.06475 0 1 1 0
0.06475 0 2 1 0
0.06475 0 3 1 0
0.06475 0 4 1 0
0.06475 0 5 1 0
0.06475 0 6 1 0
0.06475 0 7 1 0
0.06475 0 8 1 0
0.06475 0 9 1 0
0.06475 0 1 1 0
0.06475 0 2 1 0
0.06475 0 3 1 0
0.06475 0 4 1 0
0.06475 0 5 1 0
0.06475 0 6 1 0
0.06475 0 7 1 0
0.06475 0 8 1 0
0.06475 0 9 1 0
0.06475 0 10 1 0
0.06475 0 11 1 0
0.06475 0 1 1 0
0.06475 0 2 1 0
0.06475 0 3 1 0
0.06475 0 4 1 0
0.06475 0 5 1 0
0.06475 0 6 1 0
0.06475 0 7 1 0
0.06475 0 8 1 0
0.06475 0 9 1 0
0.06475 0 1 1 0
0.06475 0 2 1 0
0.06475 0 3 1 0
0.06475 0 4 1 0
0.06475 0 5 1 0
0.06475 0 6 1 0
0.06475 0 7 1 0
0.06475 0 1 1 0
0.06475 0 2 1 0
0.06475 0 18 1 0
0.06475 0 19 1 0
0.06475 0 10 1 0
0.06475 0 12 1 0
0.06475 0 10 1 0
0.065 0 19 1 0
0.065 0 20 1 0
0.065 0 21 1 0
0.065 0 22 1 0
0.065 0 23 1 0
0.065 0 24 1 0
0.065 0 25 1 0
0.065 0 26 1 0
0.065 0 27 1 0
0.065 0 28 1 0
0.065 0 29 1 0
0.065 0 30 1 0
0.065 0 31 1 0
0.065 0 32 1 0
0.065 0 33 1 0
0.065 0 34 1 0
0.0657144 3 1 3 0
0.0657145 5 2 3 0
0.0657146 6 3 3 0
0.0657147 14 3 3 0
0.0657148 17 5 3 0
0.0657149 22 8 3 0
0.065715 23 2 3 0
0.065715 27 9 3 0
0.0657152 42 8 3 0
0.0657153 44 7 3 0
0.0657154 47 2 3 0
0.0657155 48 9 3 0
0.0657156 55 14 3 0
0.0657157 60 17 3 0
0.0662143 0 69 1 0
0.0662143 0 64 1 0
0.0662143 0 68 1 0
0.0662143 0 67 1 0
0.0662143 0 65 1 0
0.0662143 0 66 1 0
0.0662144 0 2 3 0
0.0662145 0 1 3 0
0.0662146 0 2 3 0
0.0662147 0 4 3 0
0.0662148 0 1 3 0
0.0662149 0 7 3 0
0.066215 0 5 3 0
0.066215 0 6 3 0
0.0662151 0 3 3 0
0.0662152 0 3 3 0
0.0662153 0 7 3 0
0.0662154 0 4 3 0
0.0662155 0 4 3 0
0.0662156 0 5 3 0
0.0662157 0 6 3 0
0.0662157 0 9 3 0
0.0662679 0 7 1 0
0.0662679 0 4 1 0
0.0662679 0 5 1 0
0.0662679 0 10 1 0
0.0662679 0 11 1 0
0.0662679 0 12 1 0
0.0662679 0 13 1 0
0.0662679 0 15 1 0
0.0662679 0 2 1 0
0.0662679 0 3 1 0
0.0662679 0 8 1 0
0.0662679 0 9 1 0
0.0662679 0 14 1 0
0.0662679 0 17 1 0
0.0662679 0 1 1 0
0.0662679 0 6 1 0
0.0662679 0 16 1 0
0.0662679 0 1 1 0
0.0662679 0 3 1 0
0.0662679 0 4 1 0
0.0662679 0 5 1 0
0.0662679 0 9 1 0
0.0662679 0 2 1 0
0.0662679 0 7 1 0
0.0662679 0 8 1 0
0.0662679 0 6 1 0
0.0662679 0 1 1 0
0.0662679 0 2 1 0
0.0662679 0 4 1 0
0.0662679 0 7 1 0
0.0662679 0 11 1 0
0.0662679 0 3 1 0
0.0662679 0 5 1 0
0.0662679 0 8 1 0
0.0662679 0 9 1 0
0.0662679 0 6 1 0
0.0662679 0 10 1 0
0.0662679 0 3 1 0
0.0662679 0 4 1 0
0.0662679 0 6 1 0
0.0662679 0 5 1 0
0.0662679 0 2 1 0
0.0662679 0 7 1 0
0.0662679 0 1 1 0
0.0662679 0 8 1 0
0.0662679 0 9 1 0
0.0662679 0 2 1 0
0.0662679 0 5 1 0
0.0662679 0 6 1 0
0.0662679 0 3 1 0
0.0662679 0 4 1 0
0.0662679 0 7 1 0
0.0662679 0 1 1 0
0.0662679 0 1 1 0
0.0662679 0 2 1 0
0.0662679 0 18 1 0
0.0662679 0 19 1 0
0.0662679 0 10 1 0
0.0662679 0 12 1 0
0.0662679 0 10 1 0
0.067 0 54 1 0
0.067 0 55 1 0
0.067 0 56 1 0
0.067 0 57 1 0
0.067 0 58 1 0
0.067 0 59 1 0
0.067 0 60 1 0
0.067 0 61 1 0
0.067 0 62 1 0
0.067 0 63 1 0
0.0672144 0 1 3 0
0.0672145 0 2 3 0
0.0672146 0 3 3 0
0.0672147 0 3 3 0
0.0672148 0 5 3 0
0.0672149 0 8 3 0
0.067215 0 2 3 0
0.067215 0 9 3 0
0.0672152 0 8 3 0
0.0672153 0 7 3 0
0.0672154 0 2 3 0
0.0672155 0 9 3 0
0.0672156 0 14 3 0
0.0672157 0 17 3 0
0.0677144 7 33 3 0
0.0677145 10 21 3 0
0.0677146 11 23 3 0
0.0677147 16 24 3 0
0.0677148 29 19 3 0
0.0677149 32 27 3 0
0.067715 35 29 3 0
0.067715 38 20 3 0
0.0677151 39 25 3 0
0.0677152 45 28 3 0
0.0677153 46 26 3 0
0.0677154 51 30 3 0
0.0677155 53 22 3 0
0.0677156 54 31 3 0
0.0677156 56 34 3 0
0.0677157 62 32 3 0
0.0677679 39 12 3 0
0.0682143 0 33 1 0
0.0682143 0 21 1 0
0.0682143 0 23 1 0
0.0682143 0 24 1 0
0.0682143 0 19 1 0
0.0682143 0 27 1 0
0.0682143 0 29 1 0
0.0682143 0 20 1 0
0.0682143 0 25 1 0
0.0682143 0 28 1 0
0.0682143 0 26 1 0
0.0682143 0 30 1 0
0.0682143 0 22 1 0
0.0682143 0 31 1 0
0.0682143 0 34 1 0
0.0682143 0 32 1 0
0.0682144 0 33 3 0
0.0682145 0 21 3 0
0.0682146 0 23 3 0
0.0682147 0 24 3 0
0.0682148 0 19 3 0
0.0682149 0 27 3 0
0.068215 0 29 3 0
0.068215 0 20 3 0
0.0682151 0 25 3 0
0.0682152 0 28 3 0
0.0682153 0 26 3 0
0.0682154 0 30 3 0
0.0682155 0 22 3 0
0.0682156 0 31 3 0
0.0682156 0 34 3 0
0.0682157 0 32 3 0
0.0692679 0 12 3 0
0.0697144 1 63 3 0
0.0697144 7 3 3 0
0.0697145 2 62 3 0
0.0697145 10 4 3 0
0.0697146 13 58 3 0
0.0697146 11 4 3 0
0.0697147 19 54 3 0
0.0697147 16 5 3 0
0.0697148 24 55 3 0
0.0697148 29 2 3 0
0.0697149 49 61 3 0
0.0697149 32 7 3 0
0.069715 52 57 3 0
0.069715 35 10 3 0
0.069715 57 59 3 0
0.069715 38 5 3 0
0.0697151 58 56 3 0
0.0697152 59 60 3 0
0.0697152 45 11 3 0
0.0697153 46 12 3 0
0.0697154 51 7 3 0
0.0697155 53 8 3 0
0.0697156 54 13 3 0
0.0697157 56 15 3 0
0.0697157 62 11 3 0
0.07 0 1 1 0
0.07 0 2 1 0
0.07 0 3 1 0
0.07 0 4 1 0
0.07 0 5 1 0
0.07 0 6 1 0
0.07 0 7 1 0
0.07 0 8 1 0
0.07 0 9 1 0
0.07 0 10 1 0
0.07 0 11 1 0
0.07 0 12 1 0
0.07 0 13 1 0
0.07 0 14 1 0
0.07 0 15 1 0
0.07 0 16 1 0
0.0702143 0 63 1 0
0.0702143 0 62 1 0
0.0702143 0 58 1 0
0.0702143 0 54 1 0
0.0702143 0 55 1 0
0.0702143 0 61 1 0
0.0702143 0 57 1 0
0.0702143 0 59 1 0
0.0702143 0 56 1 0
0.0702143 0 60 1 0
0.0702144 0 63 3 0
0.0702145 0 62 3 0
0.0702146 0 58 3 0
0.0702147 0 54 3 0
0.0702148 0 55 3 0
0.0702149 0 61 3 0
0.070215 0 57 3 0
0.070215 0 59 3 0
0.0702151 0 56 3 0
0.0702152 0 60 3 0
0.071 0 39 1 0
0.071 0 40 1 0
0.071 0 41 1 0
0.071 0 42 1 0
0.071 0 43 1 0
0.071 0 44 1 0
0.071 0 45 1 0
0.071 0 46 1 0
0.071 0 47 1 0
0.071 0 48 1 0
0.071 0 49 1 0
0.071 0 50 1 0
0.071 0 51 1 0
0.071 0 52 1 0
0.071 0 53 1 0
0.0712144 0 3 3 0
0.0712145 0 4 3 0
0.0712146 0 4 3 0
0.0712147 0 5 3 0
0.0712148 0 2 3 0
0.0712149 0 7 3 0
0.071215 0 10 3 0
0.0712151 0 5 3 0
0.0712152 0 11 3 0
0.0712153 0 12 3 0
0.0712154 0 7 3 0
0.0712155 0 8 3 0
0.0712156 0 13 3 0
0.0712157 0 15 3 0
0.0712157 0 11 3 0
0.0717144 1 1 3 0
0.0717145 2 1 3 0
0.0717146 13 1 3 0
0.0717147 19 6 3 0
0.0717148 24 6 3 0
0.0717149 49 6 3 0
0.071715 52 10 3 0
0.071715 57 8 3 0
0.0717151 58 16 3 0
0.0717152 59 9 3 0
0.0727144 4 6 3 0
0.0727145 8 2 3 0
0.0727146 9 11 3 0
0.0727147 15 1 3 0
0.0727148 18 7 3 0
0.0727149 20 15 3 0
0.072715 26 4 3 0
0.072715 28 12 3 0
0.0727151 30 3 3 0
0.0727152 31 5 3 0
0.0727153 34 8 3 0
0.0727154 37 16 3 0
0.0727155 40 14 3 0
0.0727156 41 9 3 0
0.0727156 43 13 3 0
0.0727157 63 10 3 0
0.073 0 64 1 0
0.073 0 65 1 0
0.073 0 66 1 0
0.073 0 67 1 0
0.073 0 68 1 0
0.073 0 69 1 0
0.0732143 0 6 1 0
0.0732143 0 2 1 0
0.0732143 0 11 1 0
0.0732143 0 1 1 0
0.0732143 0 7 1 0
0.0732143 0 15 1 0
0.0732143 0 4 1 0
0.0732143 0 12 1 0
0.0732143 0 3 1 0
0.0732143 0 5 1 0
0.0732143 0 8 1 0
0.0732143 0 16 1 0
0.0732143 0 14 1 0
0.0732143 0 9 1 0
0.0732143 0 13 1 0
0.0732143 0 10 1 0
0.0732144 0 6 3 0
0.0732144 0 1 3 0
0.0732145 0 2 3 0
0.0732145 0 1 3 0
0.0732146 0 11 3 0
0.0732146 0 1 3 0
0.0732147 0 1 3 0
0.0732147 0 6 3 0
0.0732148 0 7 3 0
0.0732148 0 6 3 0
0.0732149 0 15 3 0
0.0732149 0 6 3 0
0.073215 0 4 3 0
0.073215 0 10 3 0
0.073215 0 12 3 0
0.0732151 0 8 3 0
0.0732151 0 3 3 0
0.0732151 0 16 3 0
0.0732152 0 5 3 0
0.0732152 0 9 3 0
0.0732153 0 8 3 0
0.0732154 0 16 3 0
0.0732155 0 14 3 0
0.0732156 0 9 3 0
0.0732156 0 13 3 0
0.0732157 0 10 3 0
0.0737144 3 51 3 0
0.0737145 5 52 3 0
0.0737146 6 49 3 0
0.0737147 14 43 3 0
0.0737148 17 45 3 0
0.0737149 22 48 3 0
0.073715 23 40 3 0
0.073715 27 41 3 0
0.0737151 33 42 3 0
0.0737152 42 39 3 0
0.0737153 44 46 3 0
0.0737154 47 53 3 0
0.0737155 48 50 3 0
0.0737156 55 44 3 0
0.0737156 60 47 3 0
0.0742143 0 51 1 0
0.0742143 0 52 1 0
0.0742143 0 49 1 0
0.0742143 0 43 1 0
0.0742143 0 45 1 0
0.0742143 0 48 1 0
0.0742143 0 40 1 0
0.0742143 0 41 1 0
0.0742143 0 42 1 0
0.0742143 0 39 1 0
0.0742143 0 46 1 0
0.0742143 0 53 1 0
0.0742143 0 50 1 0
0.0742143 0 44 1 0
0.0742143 0 47 1 0
0.0742144 0 51 3 0
0.0742145 0 52 3 0
0.0742146 0 49 3 0
0.0742147 0 43 3 0
0.0742148 0 45 3 0
0.0742149 0 48 3 0
0.074215 0 40 3 0
0.074215 0 41 3 0
0.0742151 0 42 3 0
0.0742152 0 39 3 0
0.0742153 0 46 3 0
0.0742154 0 53 3 0
0.0742155 0 50 3 0
0.0742156 0 44 3 0
0.0742156 0 47 3 0
0.0747144 4 2 3 0
0.0747145 8 1 3 0
0.0747146 9 2 3 0
0.0747147 15 4 3 0
0.0747148 18 1 3 0
0.0747149 20 7 3 0
0.074715 26 5 3 0
0.074715 28 6 3 0
0.0747151 30 3 3 0
0.0747152 31 3 3 0
0.0747153 34 7 3 0
0.0747154 37 4 3 0
0.0747155 40 4 3 0
0.0747156 41 5 3 0
0.0747157 43 6 3 0
0.0747157 63 9 3 0
0.07475 0 1 1 0
0.07475 0 2 1 0
0.07475 0 3 1 0
0.07475 0 4 1 0
0.07475 0 5 1 0
0.07475 0 6 1 0
0.07475 0 7 1 0
0.07475 0 8 1 0
0.07475 0 9 1 0
0.07475 0 10 1 0
0.07475 0 11 1 0
0.07475 0 12 1 0
0.07475 0 13 1 0
0.07475 0 14 1 0
0.07475 0 15 1 0
0.07475 0 16 1 0
0.07475 0 17 1 0
0.07475 0 1 1 0
0.07475 0 2 1 0
0.07475 0 3 1 0
0.07475 0 4 1 0
0.07475 0 5 1 0
0.07475 0 6 1 0
0.07475 0 7 1 0
0.07475 0 8 1 0
0.07475 0 9 1 0
0.07475 0 1 1 0
0.07475 0 2 1 0
0.07475 0 3 1 0
0.07475 0 4 1 0
0.07475 0 5 1 0
0.07475 0 6 1 0
0.07475 0 7 1 0
0.07475 0 8 1 0
0.07475 0 9 1 0
0.07475 0 10 1 0
0.07475 0 11 1 0
0.07475 0 1 1 0
0.07475 0 2 1 0
0.07475 0 3 1 0
0.07475 0 4 1 0
0.07475 0 5 1 0
0.07475 0 6 1 0
0.07475 0 7 1 0
0.07475 0 8 1 0
0.07475 0 9 1 0
0.07475 0 1 1 0
0.07475 0 2 1 0
0.07475 0 3 1 0
0.07475 0 4 1 0
0.07475 0 5 1 0
0.07475 0 6 1 0
0.07475 0 7 1 0
0.07475 0 1 1 0
0.07475 0 2 1 0
0.07475 0 18 1 0
0.07475 0 19 1 0
0.07475 0 10 1 0
0.07475 0 12 1 0
0.07475 0 10 1 0
0.075 0 19 1 0
0.075 0 20 1 0
0.075 0 21 1 0
0.075 0 22 1 0
0.075 0 23 1 0
0.075 0 24 1 0
0.075 0 25 1 0
0.075 0 26 1 0
0.075 0 27 1 0
0.075 0 28 1 0
0.075 0 29 1 0
0.075 0 30 1 0
0.075 0 31 1 0
0.075 0 32 1 0
0.075 0 33 1 0
0.075 0 34 1 0
0.0757144 12 69 3 0
0.0757144 3 1 3 0
0.0757145 21 64 3 0
0.0757145 5 2 3 0
0.0757146 25 68 3 0
0.0757146 6 3 3 0
0.0757147 36 67 3 0
0.0757147 14 3 3 0
0.0757148 50 65 3 0
0.0757148 17 5 3 0
0.0757149 61 66 3 0
0.0757149 22 8 3 0
0.075715 23 2 3 0
0.075715 27 9 3 0
0.0757152 42 8 3 0
0.0757153 44 7 3 0
0.0757154 47 2 3 0
0.0757155 48 9 3 0
0.0757156 55 14 3 0
0.0757157 60 17 3 0
0.0762143 0 69 1 0
0.0762143 0 64 1 0
0.0762143 0 68 1 0
0.0762143 0 67 1 0
0.0762143 0 65 1 0
0.0762143 0 66 1 0
0.0762144 0 69 3 0
0.0762144 0 2 3 0
0.0762145 0 64 3 0
0.0762145 0 1 3 0
0.0762146 0 68 3 0
0.0762146 0 2 3 0
0.0762147 0 67 3 0
0.0762147 0 4 3 0
0.0762148 0 65 3 0
0.0762148 0 1 3 0
0.0762149 0 66 3 0
0.0762149 0 7 3 0
0.076215 0 5 3 0
0.0762151 0 6 3 0
0.0762151 0 3 3 0
0.0762152 0 3 3 0
0.0762153 0 7 3 0
0.0762154 0 4 3 0
0.0762155 0 4 3 0
0.0762156 0 5 3 0
0.0762157 0 6 3 0
0.0762157 0 9 3 0
0.0762679 0 7 1 0
0.0762679 0 4 1 0
0.0762679 0 5 1 0
0.0762679 0 10 1 0
0.0762679 0 11 1 0
0.0762679 0 12 1 0
0.0762679 0 13 1 0
0.0762679 0 15 1 0
0.0762679 0 2 1 0
0.0762679 0 3 1 0
0.0762679 0 8 1 0
0.0762679 0 9 1 0
0.0762679 0 14 1 0
0.0762679 0 17 1 0
0.0762679 0 1 1 0
0.0762679 0 6 1 0
0.0762679 0 16 1 0
0.0762679 0 1 1 0
0.0762679 0 3 1 0
0.0762679 0 4 1 0
0.0762679 0 5 1 0
0.0762679 0 9 1 0
0.0762679 0 2 1 0
0.0762679 0 7 1 0
0.0762679 0 8 1 0
0.0762679 0 6 1 0
0.0762679 0 1 1 0
0.0762679 0 2 1 0
0.0762679 0 4 1 0
0.0762679 0 7 1 0
0.0762679 0 11 1 0
0.0762679 0 3 1 0
0.0762679 0 5 1 0
0.0762679 0 8 1 0
0.0762679 0 9 1 0
0.0762679 0 6 1 0
0.0762679 0 10 1 0
0.0762679 0 3 1 0
0.0762679 0 4 1 0
0.0762679 0 6 1 0
0.0762679 0 5 1 0
0.0762679 0 2 1 0
0.0762679 0 7 1 0
0.0762679 0 1 1 0
0.0762679 0 8 1 0
0.0762679 0 9 1 0
0.0762679 0 2 1 0
0.0762679 0 5 1 0
0.0762679 0 6 1 0
0.0762679 0 3 1 0
0.0762679 0 4 1 0
0.0762679 0 7 1 0
0.0762679 0 1 1 0
0.0762679 0 1 1 0
0.0762679 0 2 1 0
0.0762679 0 18 1 0
0.0762679 0 19 1 0
0.0762679 0 10 1 0
0.0762679 0 12 1 0
0.0762679 0 10 1 0
0.077 0 54 1 0
0.077 0 55 1 0
0.077 0 56 1 0
0.077 0 57 1 0
0.077 0 58 1 0
0.077 0 59 1 0
0.077 0 60 1 0
0.077 0 61 1 0
0.077 0 62 1 0
0.077 0 63 1 0
0.0772144 0 1 3 0
0.0772145 0 2 3 0
0.0772146 0 3 3 0
0.0772147 0 3 3 0
0.0772148 0 5 3 0
0.0772149 0 8 3 0
0.077215 0 2 3 0
0.077215 0 9 3 0
0.0772152 0 8 3 0
0.0772153 0 7 3 0
0.0772154 0 2 3 0
0.0772155 0 9 3 0
0.0772156 0 14 3 0
0.0772157 0 17 3 0
0.0777144 7 33 3 0
0.0777144 12 18 3 0
0.0777145 10 21 3 0
0.0777145 21 10 3 0
0.0777146 11 23 3 0
0.0777146 25 10 3 0
0.0777147 16 24 3 0
0.0777148 29 19 3 0
0.0777148 50 19 3 0
0.0777149 32 27 3 0
0.077715 35 29 3 0
0.077715 38 20 3 0
0.0777151 39 25 3 0
0.0777152 45 28 3 0
0.0777153 46 26 3 0
0.0777154 51 30 3 0
0.0777155 53 22 3 0
0.0777156 54 31 3 0
0.0777156 56 34 3 0
0.0777157 62 32 3 0
0.0777679 39 12 3 0
0.0782143 0 33 1 0
0.0782143 0 21 1 0
0.0782143 0 23 1 0
0.0782143 0 24 1 0
0.0782143 0 19 1 0
0.0782143 0 27 1 0
0.0782143 0 29 1 0
0.0782143 0 20 1 0
0.0782143 0 25 1 0
0.0782143 0 28 1 0
0.0782143 0 26 1 0
0.0782143 0 30 1 0
0.0782143 0 22 1 0
0.0782143 0 31 1 0
0.0782143 0 34 1 0
0.0782143 0 32 1 0
0.0782144 0 33 3 0
0.0782145 0 21 3 0
0.0782146 0 23 3 0
0.0782147 0 24 3 0
0.0782148 0 19 3 0
0.0782149 0 27 3 0
0.078215 0 29 3 0
0.078215 0 20 3 0
0.0782151 0 25 3 0
0.0782152 0 28 3 0
0.0782153 0 26 3 0
0.0782154 0 30 3 0
0.0782155 0 22 3 0
0.0782156 0 31 3 0
0.0782156 0 34 3 0
0.0782157 0 32 3 0
0.0792144 0 18 3 0
0.0792145 0 10 3 0
0.0792146 0 10 3 0
0.0792148 0 19 3 0
0.0792679 0 12 3 0
0.0797144 1 63 3 0
0.0797144 7 3 3 0
0.0797145 2 62 3 0
0.0797145 10 4 3 0
0.0797146 13 58 3 0
0.0797146 11 4 3 0
0.0797147 19 54 3 0
0.0797147 16 5 3 0
0.0797148 24 55 3 0
0.0797148 29 2 3 0
0.0797149 49 61 3 0
0.0797149 32 7 3 0
0.079715 52 57 3 0
0.079715 35 10 3 0
0.079715 57 59 3 0
0.079715 38 5 3 0
0.0797151 58 56 3 0
0.0797152 59 60 3 0
0.0797152 45 11 3 0
0.0797153 46 12 3 0
0.0797154 51 7 3 0
0.0797155 53 8 3 0
0.0797156 54 13 3 0
0.0797157 56 15 3 0
0.0797157 62 11 3 0
0.08 0 1 1 0
0.08 0 2 1 0
0.08 0 3 1 0
0.08 0 4 1 0
0.08 0 5 1 0
0.08 0 6 1 0
0.08 0 7 1 0
0.08 0 8 1 0
0.08 0 9 1 0
0.08 0 10 1 0
0.08 0 11 1 0
0.08 0 12 1 0
0.08 0 13 1 0
0.08 0 14 1 0
0.08 0 15 1 0
0.08 0 16 1 0
0.0802143 0 63 1 0
0.0802143 0 62 1 0
0.0802143 0 58 1 0
0.0802143 0 54 1 0
0.0802143 0 55 1 0
0.0802143 0 61 1 0
0.0802143 0 57 1 0
0.0802143 0 59 1 0
0.0802143 0 56 1 0
0.0802143 0 60 1 0
0.0802144 0 63 3 0
0.0802145 0 62 3 0
0.0802146 0 58 3 0
0.0802147 0 54 3 0
0.0802148 0 55 3 0
0.0802149 0 61 3 0
0.080215 0 57 3 0
0.080215 0 59 3 0
0.0802151 0 56 3 0
0.0802152 0 60 3 0
0.081 0 39 1 0
0.081 0 40 1 0
0.081 0 41 1 0
0.081 0 42 1 0
0.081 0 43 1 0
0.081 0 44 1 0
0.081 0 45 1 0
0.081 0 46 1 0
0.081 0 47 1 0
0.081 0 48 1 0
0.081 0 49 1 0
0.081 0 50 1 0
0.081 0 51 1 0
0.081 0 52 1 0
0.081 0 53 1 0
0.0812144 0 3 3 0
0.0812145 0 4 3 0
0.0812146 0 4 3 0
0.0812147 0 5 3 0
0.0812148 0 2 3 0
0.0812149 0 7 3 0
0.081215 0 10 3 0
0.081215 0 5 3 0
0.0812152 0 11 3 0
0.0812153 0 12 3 0
0.0812154 0 7 3 0
0.0812155 0 8 3 0
0.0812156 0 13 3 0
0.0812157 0 15 3 0
0.0812157 0 11 3 0
0.0817144 1 1 3 0
0.0817145 2 1 3 0
0.0817146 13 1 3 0
0.0817147 19 6 3 0
0.0817148 24 6 3 0
0.0817149 49 6 3 0
0.081715 52 10 3 0
0.081715 57 8 3 0
0.0817151 58 16 3 0
0.0817152 59 9 3 0
0.0827144 4 6 3 0
0.0827145 8 2 3 0
0.0827146 9 11 3 0
0.0827147 15 1 3 0
0.0827148 18 7 3 0
0.0827149 20 15 3 0
0.082715 26 4 3 0
0.082715 28 12 3 0
0.0827151 30 3 3 0
0.0827152 31 5 3 0
0.0827153 34 8 3 0
0.0827154 37 16 3 0
0.0827155 40 14 3 0
0.0827156 41 9 3 0
0.0827156 43 13 3 0
0.0827157 63 10 3 0
0.083 0 64 1 0
0.083 0 65 1 0
0.083 0 66 1 0
0.083 0 67 1 0
0.083 0 68 1 0
0.083 0 69 1 0
0.0832143 0 6 1 0
0.0832143 0 2 1 0
0.0832143 0 11 1 0
0.0832143 0 1 1 0
0.0832143 0 7 1 0
0.0832143 0 15 1 0
0.0832143 0 4 1 0
0.0832143 0 12 1 0
0.0832143 0 3 1 0
0.0832143 0 5 1 0
0.0832143 0 8 1 0
0.0832143 0 16 1 0
0.0832143 0 14 1 0
0.0832143 0 9 1 0
0.0832143 0 13 1 0
0.0832143 0 10 1 0
0.0832144 0 6 3 0
0.0832144 0 1 3 0
0.0832145 0 2 3 0
0.0832145 0 1 3 0
0.0832146 0 11 3 0
0.0832146 0 1 3 0
0.0832147 0 1 3 0
0.0832147 0 6 3 0
0.0832148 0 7 3 0
0.0832148 0 6 3 0
0.0832149 0 15 3 0
0.0832149 0 6 3 0
0.083215 0 4 3 0
0.083215 0 10 3 0
0.083215 0 12 3 0
0.083215 0 8 3 0
0.0832151 0 3 3 0
0.0832151 0 16 3 0
0.0832152 0 5 3 0
0.0832152 0 9 3 0
0.0832153 0 8 3 0
0.0832154 0 16 3 0
0.0832155 0 14 3 0
0.0832156 0 9 3 0
0.0832156 0 13 3 0
0.0832157 0 10 3 0
0.0837144 3 51 3 0
0.0837145 5 52 3 0
0.0837146 6 49 3 0
0.0837147 14 43 3 0
0.0837148 17 45 3 0
0.0837149 22 48 3 0
0.083715 23 40 3 0
0.083715 27 41 3 0
0.0837151 33 42 3 0
0.0837152 42 39 3 0
0.0837153 44 46 3 0
0.0837154 47 53 3 0
0.0837155 48 50 3 0
0.0837156 55 44 3 0
0.0837156 60 47 3 0
0.0842143 0 51 1 0
0.0842143 0 52 1 0
0.0842143 0 49 1 0
0.0842143 0 43 1 0
0.0842143 0 45 1 0
0.0842143 0 48 1 0
0.0842143 0 40 1 0
0.0842143 0 41 1 0
0.0842143 0 42 1 0
0.0842143 0 39 1 0
0.0842143 0 46 1 0
0.0842143 0 53 1 0
0.0842143 0 50 1 0
0.0842143 0 44 1 0
0.0842143 0 47 1 0
0.0842144 0 51 3 0
0.0842145 0 52 3 0
0.0842146 0 49 3 0
0.0842147 0 43 3 0
0.0842148 0 45 3 0
0.0842149 0 48 3 0
0.084215 0 40 3 0
0.084215 0 41 3 0
0.0842151 0 42 3 0
0.0842152 0 39 3 0
0.0842153 0 46 3 0
0.0842154 0 53 3 0
0.0842155 0 50 3 0
0.0842156 0 44 3 0
0.0842156 0 47 3 0
0.0847144 4 2 3 0
0.0847145 8 1 3 0
0.0847146 9 2 3 0
0.0847147 15 4 3 0
0.0847148 18 1 3 0
0.0847149 20 7 3 0
0.084715 26 5 3 0
0.084715 28 6 3 0
0.0847151 30 3 3 0
0.0847152 31 3 3 0
0.0847153 34 7 3 0
0.0847154 37 4 3 0
0.0847155 40 4 3 0
0.0847156 41 5 3 0
0.0847157 43 6 3 0
0.0847157 63 9 3 0
0.08475 0 1 1 0
0.08475 0 2 1 0
0.08475 0 3 1 0
0.08475 0 4 1 0
0.08475 0 5 1 0
0.08475 0 6 1 0
0.08475 0 7 1 0
0.08475 0 8 1 0
0.08475 0 9 1 0
0.08475 0 10 1 0
0.08475 0 11 1 0
0.08475 0 12 1 0
0.08475 0 13 1 0
0.08475 0 14 1 0
0.08475 0 15 1 0
0.08475 0 16 1 0
0.08475 0 17 1 0
0.08475 0 1 1 0
0.08475 0 2 1 0
0.08475 0 3 1 0
0.08475 0 4 1 0
0.08475 0 5 1 0
0.08475 0 6 1 0
0.08475 0 7 1 0
0.08475 0 8 1 0
0.08475 0 9 1 0
0.08475 0 1 1 0
0.08475 0 2 1 0
0.08475 0 3 1 0
0.08475 0 4 1 0
0.08475 0 5 1 0
0.08475 0 6 1 0
0.08475 0 7 1 0
0.08475 0 8 1 0
0.08475 0 9 1 0
0.08475 0 10 1 0
0.08475 0 11 1 0
0.08475 0 1 1 0
0.08475 0 2 1 0
0.08475 0 3 1 0
0.08475 0 4 1 0
0.08475 0 5 1 0
0.08475 0 6 1 0
0.08475 0 7 1 0
0.08475 0 8 1 0
0.08475 0 9 1 0
0.08475 0 1 1 0
0.08475 0 2 1 0
0.08475 0 3 1 0
0.08475 0 4 1 0
0.08475 0 5 1 0
0.08475 0 6 1 0
0.08475 0 7 1 0
0.08475 0 1 1 0
0.08475 0 2 1 0
0.08475 0 18 1 0
0.08475 0 19 1 0
0.08475 0 10 1 0
0.08475 0 12 1 0
0.08475 0 10 1 0
0.085 0 19 1 0
0.085 0 20 1 0
0.085 0 21 1 0
0.085 0 22 1 0
0.085 0 23 1 0
0.085 0 24 1 0
0.085 0 25 1 0
0.085 0 26 1 0
0.085 0 27 1 0
0.085 0 28 1 0
0.085 0 29 1 0
0.085 0 30 1 0
0.085 0 31 1 0
0.085 0 32 1 0
0.085 0 33 1 0
0.085 0 34 1 0
0.0857144 12 69 3 0
0.0857144 3 1 3 0
0.0857145 21 64 3 0
0.0857145 5 2 3 0
0.0857146 25 68 3 0
0.0857146 6 3 3 0
0.0857147 36 67 3 0
0.0857147 14 3 3 0
0.0857148 50 65 3 0
0.0857148 17 5 3 0
0.0857149 61 66 3 0
0.0857149 22 8 3 0
0.085715 23 2 3 0
0.085715 27 9 3 0
0.0857152 42 8 3 0
0.0857153 44 7 3 0
0.0857154 47 2 3 0
0.0857155 48 9 3 0
0.0857156 55 14 3 0
0.0857157 60 17 3 0
0.0862143 0 69 1 0
0.0862143 0 64 1 0
0.0862143 0 68 1 0
0.0862143 0 67 1 0
0.0862143 0 65 1 0
0.0862143 0 66 1 0
0.0862144 0 69 3 0
0.0862144 0 2 3 0
0.0862145 0 64 3 0
0.0862145 0 1 3 0
0.0862146 0 68 3 0
0.0862146 0 2 3 0
0.0862147 0 67 3 0
0.0862147 0 4 3 0
0.0862148 0 65 3 0
0.0862148 0 1 3 0
0.0862149 0 66 3 0
0.0862149 0 7 3 0
0.086215 0 5 3 0
0.0862151 0 6 3 0
0.0862151 0 3 3 0
0.0862152 0 3 3 0
0.0862153 0 7 3 0
0.0862154 0 4 3 0
0.0862155 0 4 3 0
0.0862156 0 5 3 0
0.0862157 0 6 3 0
0.0862157 0 9 3 0
0.0862679 0 7 1 0
0.0862679 0 4 1 0
0.0862679 0 5 1 0
0.0862679 0 10 1 0
0.0862679 0 11 1 0
0.0862679 0 12 1 0
0.0862679 0 13 1 0
0.0862679 0 15 1 0
0.0862679 0 2 1 0
0.0862679 0 3 1 0
0.0862679 0 8 1 0
0.0862679 0 9 1 0
0.0862679 0 14 1 0
0.0862679 0 17 1 0
0.0862679 0 1 1 0
0.0862679 0 6 1 0
0.0862679 0 16 1 0
0.0862679 0 1 1 0
0.0862679 0 3 1 0
0.0862679 0 4 1 0
0.0862679 0 5 1 0
0.0862679 0 9 1 0
0.0862679 0 2 1 0
0.0862679 0 7 1 0
0.0862679 0 8 1 0
0.0862679 0 6 1 0
0.0862679 0 1 1 0
0.0862679 0 2 1 0
0.0862679 0 4 1 0
0.0862679 0 7 1 0
0.0862679 0 11 1 0
0.0862679 0 3 1 0
0.0862679 0 5 1 0
0.0862679 0 8 1 0
0.0862679 0 9 1 0
0.0862679 0 6 1 0
0.0862679 0 10 1 0
0.0862679 0 3 1 0
0.0862679 0 4 1 0
0.0862679 0 6 1 0
0.0862679 0 5 1 0
0.0862679 0 2 1 0
0.0862679 0 7 1 0
0.0862679 0 1 1 0
0.0862679 0 8 1 0
0.0862679 0 9 1 0
0.0862679 0 2 1 0
0.0862679 0 5 1 0
0.0862679 0 6 1 0
0.0862679 0 3 1 0
0.0862679 0 4 1 0
0.0862679 0 7 1 0
0.0862679 0 1 1 0
0.0862679 0 1 1 0
0.0862679 0 2 1 0
0.0862679 0 18 1 0
0.0862679 0 19 1 0
0.0862679 0 10 1 0
0.0862679 0 12 1 0
0.0862679 0 10 1 0
0.087 0 54 1 0
0.087 0 55 1 0
0.087 0 56 1 0
0.087 0 57 1 0
0.087 0 58 1 0
0.087 0 59 1 0
0.087 0 60 1 0
0.087 0 61 1 0
0.087 0 62 1 0
0.087 0 63 1 0
0.0872144 0 1 3 0
0.0872145 0 2 3 0
0.0872146 0 3 3 0
0.0872147 0 3 3 0
0.0872148 0 5 3 0
0.0872149 0 8 3 0
0.087215 0 2 3 0
0.0872151 0 9 3 0
0.0872152 0 8 3 0
0.0872153 0 7 3 0
0.0872154 0 2 3 0
0.0872155 0 9 3 0
0.0872156 0 14 3 0
0.0872157 0 17 3 0
0.0877144 7 33 3 0
0.0877144 12 18 3 0
0.0877145 10 21 3 0
0.0877145 21 10 3 0
0.0877146 11 23 3 0
0.0877146 25 10 3 0
0.0877147 16 24 3 0
0.0877148 29 19 3 0
0.0877148 50 19 3 0
0.0877149 32 27 3 0
0.087715 35 29 3 0
0.087715 38 20 3 0
0.0877151 39 25 3 0
0.0877152 45 28 3 0
0.0877153 46 26 3 0
0.0877154 51 30 3 0
0.0877155 53 22 3 0
0.0877156 54 31 3 0
0.0877156 56 34 3 0
0.0877157 62 32 3 0
0.0877679 39 12 3 0
0.0882143 0 33 1 0
0.0882143 0 21 1 0
0.0882143 0 23 1 0
0.0882143 0 24 1 0
0.0882143 0 19 1 0
0.0882143 0 27 1 0
0.0882143 0 29 1 0
0.0882143 0 20 1 0
0.0882143 0 25 1 0
0.0882143 0 28 1 0
0.0882143 0 26 1 0
0.0882143 0 30 1 0
0.0882143 0 22 1 0
0.0882143 0 31 1 0
0.0882143 0 34 1 0
0.0882143 0 32 1 0
0.0882144 0 33 3 0
0.0882145 0 21 3 0
0.0882146 0 23 3 0
0.0882147 0 24 3 0
0.0882148 0 19 3 0
0.0882149 0 27 3 0
0.088215 0 29 3 0
0.088215 0 20 3 0
0.0882151 0 25 3 0
0.0882152 0 28 3 0
0.0882153 0 26 3 0
0.0882154 0 30 3 0
0.0882155 0 22 3 0
0.0882156 0 31 3 0
0.0882156 0 34 3 0
0.0882157 0 32 3 0
0.0892144 0 18 3 0
0.0892145 0 10 3 0
0.0892146 0 10 3 0
0.0892148 0 19 3 0
0.0892679 0 12 3 0
0.0897144 1 63 3 0
0.0897144 7 3 3 0
0.0897145 2 62 3 0
0.0897145 10 4 3 0
0.0897146 13 58 3 0
0.0897146 11 4 3 0
0.0897147 19 54 3 0
0.0897147 16 5 3 0
0.0897148 24 55 3 0
0.0897148 29 2 3 0
0.0897149 49 61 3 0
0.0897149 32 7 3 0
0.089715 52 57 3 0
0.089715 35 10 3 0
0.089715 57 59 3 0
0.089715 38 5 3 0
0.0897151 58 56 3 0
0.0897152 59 60 3 0
0.0897152 45 11 3 0
0.0897153 46 12 3 0
0.0897154 51 7 3 0
0.0897155 53 8 3 0
0.0897156 54 13 3 0
0.0897157 56 15 3 0
0.0897157 62 11 3 0
0.09 0 1 1 0
0.09 0 2 1 0
0.09 0 3 1 0
0.09 0 4 1 0
0.09 0 5 1 0
0.09 0 6 1 0
0.09 0 7 1 0
0.09 0 8 1 0
0.09 0 9 1 0
0.09 0 10 1 0
0.09 0 11 1 0
0.09 0 12 1 0
0.09 0 13 1 0
0.09 0 14 1 0
0.09 0 15 1 0
0.09 0 16 1 0
0.0902143 0 63 1 0
0.0902143 0 62 1 0
0.0902143 0 58 1 0
0.0902143 0 54 1 0
0.0902143 0 55 1 0
0.0902143 0 61 1 0
0.0902143 0 57 1 0
0.0902143 0 59 1 0
0.0902143 0 56 1 0
0.0902143 0 60 1 0
0.0902144 0 63 3 0
0.0902145 0 62 3 0
0.0902146 0 58 3 0
0.0902147 0 54 3 0
0.0902148 0 55 3 0
0.0902149 0 61 3 0
0.090215 0 57 3 0
0.090215 0 59 3 0
0.0902151 0 56 3 0
0.0902152 0 60 3 0
0.091 0 39 1 0
0.091 0 40 1 0
0.091 0 41 1 0
0.091 0 42 1 0
0.091 0 43 1 0
0.091 0 44 1 0
0.091 0 45 1 0
0.091 0 46 1 0
0.091 0 47 1 0
0.091 0 48 1 0
0.091 0 49 1 0
0.091 0 50 1 0
0.091 0 51 1 0
0.091 0 52 1 0
0.091 0 53 1 0
0.0912144 0 3 3 0
0.0912145 0 4 3 0
0.0912146 0 4 3 0
0.0912147 0 5 3 0
0.0912148 0 2 3 0
0.0912149 0 7 3 0
0.091215 0 10 3 0
0.0912151 0 5 3 0
0.0912152 0 11 3 0
0.0912153 0 12 3 0
0.0912154 0 7 3 0
0.0912155 0 8 3 0
0.0912156 0 13 3 0
0.0912157 0 15 3 0
0.0912157 0 11 3 0
0.0915001 0 5 3 0
0.0917144 1 1 3 0
0.0917145 2 1 3 0
0.0917146 13 1 3 0
0.0917147 19 6 3 0
0.0917148 24 6 3 0
0.0917149 49 6 3 0
0.091715 52 10 3 0
0.091715 57 8 3 0
0.0917151 58 16 3 0
0.0917152 59 9 3 0
0.0920001 17 5 3 0
0.0927144 4 6 3 0
0.0927145 8 2 3 0
0.0927146 9 11 3 0
0.0927147 15 1 3 0
0.0927148 18 7 3 0
0.0927149 20 15 3 0
0.092715 26 4 3 0
0.092715 28 12 3 0
0.0927151 30 3 3 0
0.0927152 31 5 3 0
0.0927153 34 8 3 0
0.0927154 37 16 3 0
0.0927155 40 14 3 0
0.0927156 41 9 3 0
0.0927156 43 13 3 0
0.0927157 63 10 3 0
0.093 0 64 1 0
0.093 0 65 1 0
0.093 0 66 1 0
0.093 0 67 1 0
0.093 0 68 1 0
0.093 0 69 1 0
0.0932143 0 6 1 0
0.0932143 0 2 1 0
0.0932143 0 11 1 0
0.0932143 0 1 1 0
0.0932143 0 7 1 0
0.0932143 0 15 1 0
0.0932143 0 4 1 0
0.0932143 0 12 1 0
0.0932143 0 3 1 0
0.0932143 0 5 1 0
0.0932143 0 8 1 0
0.0932143 0 16 1 0
0.0932143 0 14 1 0
0.0932143 0 9 1 0
0.0932143 0 13 1 0
0.0932143 0 10 1 0
0.0932144 0 6 3 0
0.0932144 0 1 3 0
0.0932145 0 2 3 0
0.0932145 0 1 3 0
0.0932146 0 11 3 0
0.0932146 0 1 3 0
0.0932147 0 1 3 0
0.0932147 0 6 3 0
0.0932148 0 7 3 0
0.0932148 0 6 3 0
0.0932149 0 15 3 0
0.0932149 0 6 3 0
0.093215 0 4 3 0
0.093215 0 10 3 0
0.093215 0 12 3 0
0.093215 0 8 3 0
0.0932151 0 3 3 0
0.0932151 0 16 3 0
0.0932152 0 5 3 0
0.0932152 0 9 3 0
0.0932153 0 8 3 0
0.0932154 0 16 3 0
0.0932155 0 14 3 0
0.0932156 0 9 3 0
0.0932156 0 13 3 0
0.0932157 0 10 3 0
0.0937144 3 51 3 0
0.0937145 5 52 3 0
0.0937146 6 49 3 0
0.0937147 14 43 3 0
0.0937148 17 45 3 0
0.0937149 22 48 3 0
0.093715 23 40 3 0
0.093715 27 41 3 0
0.0937151 33 42 3 0
0.0937152 42 39 3 0
0.0937153 44 46 3 0
0.0937154 47 53 3 0
0.0937155 48 50 3 0
0.0937156 55 44 3 0
0.0937156 60 47 3 0
0.0942143 0 51 1 0
0.0942143 0 52 1 0
0.0942143 0 49 1 0
0.0942143 0 43 1 0
0.0942143 0 45 1 0
0.0942143 0 48 1 0
0.0942143 0 40 1 0
0.0942143 0 41 1 0
0.0942143 0 42 1 0
0.0942143 0 39 1 0
0.0942143 0 46 1 0
0.0942143 0 53 1 0
0.0942143 0 50 1 0
0.0942143 0 44 1 0
0.0942143 0 47 1 0
0.0942144 0 51 3 0
0.0942145 0 52 3 0
0.0942146 0 49 3 0
0.0942147 0 43 3 0
0.0942148 0 45 3 0
0.0942149 0 48 3 0
0.094215 0 40 3 0
0.094215 0 41 3 0
0.0942151 0 42 3 0
0.0942152 0 39 3 0
0.0942153 0 46 3 0
0.0942154 0 53 3 0
0.0942155 0 50 3 0
0.0942156 0 44 3 0
0.0942156 0 47 3 0
0.0947144 4 2 3 0
0.0947145 8 1 3 0
0.0947146 9 2 3 0
0.0947147 15 4 3 0
0.0947148 18 1 3 0
0.0947149 20 7 3 0
0.094715 26 5 3 0
0.094715 28 6 3 0
0.0947151 30 3 3 0
0.0947152 31 3 3 0
0.0947153 34 7 3 0
0.0947154 37 4 3 0
0.0947155 40 4 3 0
0.0947156 41 5 3 0
0.0947157 43 6 3 0
0.0947157 63 9 3 0
0.09475 0 1 1 0
0.09475 0 2 1 0
0.09475 0 3 1 0
0.09475 0 4 1 0
0.09475 0 5 1 0
0.09475 0 6 1 0
0.09475 0 7 1 0
0.09475 0 8 1 0
0.09475 0 9 1 0
0.09475 0 10 1 0
0.09475 0 11 1 0
0.09475 0 12 1 0
0.09475 0 13 1 0
0.09475 0 14 1 0
0.09475 0 15 1 0
0.09475 0 16 1 0
0.09475 0 17 1 0
0.09475 0 1 1 0
0.09475 0 2 1 0
0.09475 0 3 1 0
0.09475 0 4 1 0
0.09475 0 5 1 0
0.09475 0 6 1 0
0.09475 0 7 1 0
0.09475 0 8 1 0
0.09475 0 9 1 0
0.09475 0 1 1 0
0.09475 0 2 1 0
0.09475 0 3 1 0
0.09475 0 4 1 0
0.09475 0 5 1 0
0.09475 0 6 1 0
0.09475 0 7 1 0
0.09475 0 8 1 0
0.09475 0 9 1 0
0.09475 0 10 1 0
0.09475 0 11 1 0
0.09475 0 1 1 0
0.09475 0 2 1 0
0.09475 0 3 1 0
0.09475 0 4 1 0
0.09475 0 5 1 0
0.09475 0 6 1 0
0.09475 0 7 1 0
0.09475 0 8 1 0
0.09475 0 9 1 0
0.09475 0 1 1 0
0.09475 0 2 1 0
0.09475 0 3 1 0
0.09475 0 4 1 0
0.09475 0 5 1 0
0.09475 0 6 1 0
0.09475 0 7 1 0
0.09475 0 1 1 0
0.09475 0 2 1 0
0.09475 0 18 1 0
0.09475 0 19 1 0
0.09475 0 10 1 0
0.09475 0 12 1 0
0.09475 0 10 1 0
0.095 0 19 1 0
0.095 0 20 1 0
0.095 0 21 1 0
0.095 0 22 1 0
0.095 0 23 1 0
0.095 0 24 1 0
0.095 0 25 1 0
0.095 0 26 1 0
0.095 0 27 1 0
0.095 0 28 1 0
0.095 0 29 1 0
0.095 0 30 1 0
0.095 0 31 1 0
0.095 0 32 1 0
0.095 0 33 1 0
0.095 0 34 1 0
0.0957144 12 69 3 0
0.0957144 3 1 3 0
0.0957145 21 64 3 0
0.0957145 5 2 3 0
0.0957146 25 68 3 0
0.0957146 6 3 3 0
0.0957147 36 67 3 0
0.0957147 14 3 3 0
0.0957148 50 65 3 0
0.0957149 61 66 3 0
0.0957149 22 8 3 0
0.095715 23 2 3 0
0.095715 27 9 3 0
0.0957152 42 8 3 0
0.0957153 44 7 3 0
0.0957154 47 2 3 0
0.0957155 48 9 3 0
0.0957156 55 14 3 0
0.0957157 60 17 3 0
0.0962143 0 69 1 0
0.0962143 0 64 1 0
0.0962143 0 68 1 0
0.0962143 0 67 1 0
0.0962143 0 65 1 0
0.0962143 0 66 1 0
0.0962144 0 69 3 0
0.0962144 0 2 3 0
0.0962145 0 64 3 0
0.0962145 0 1 3 0
0.0962146 0 68 3 0
0.0962146 0 2 3 0
0.0962147 0 67 3 0
0.0962147 0 4 3 0
0.0962148 0 65 3 0
0.0962148 0 1 3 0
0.0962149 0 66 3 0
0.0962149 0 7 3 0
0.096215 0 5 3 0
0.096215 0 6 3 0
0.0962151 0 3 3 0
0.0962152 0 3 3 0
0.0962153 0 7 3 0
0.0962154 0 4 3 0
0.0962155 0 4 3 0
0.0962156 0 5 3 0
0.0962157 0 6 3 0
0.0962157 0 9 3 0
0.0962679 0 7 1 0
0.0962679 0 4 1 0
0.0962679 0 5 1 0
0.0962679 0 10 1 0
0.0962679 0 11 1 0
0.0962679 0 12 1 0
0.0962679 0 13 1 0
0.0962679 0 15 1 0
0.0962679 0 2 1 0
0.0962679 0 3 1 0
0.0962679 0 8 1 0
0.0962679 0 9 1 0
0.0962679 0 14 1 0
0.0962679 0 17 1 0
0.0962679 0 1 1 0
0.0962679 0 6 1 0
0.0962679 0 16 1 0
0.0962679 0 1 1 0
0.0962679 0 3 1 0
0.0962679 0 4 1 0
0.0962679 0 5 1 0
0.0962679 0 9 1 0
0.0962679 0 2 1 0
0.0962679 0 7 1 0
0.0962679 0 8 1 0
0.0962679 0 6 1 0
0.0962679 0 1 1 0
0.0962679 0 2 1 0
0.0962679 0 4 1 0
0.0962679 0 7 1 0
0.0962679 0 11 1 0
0.0962679 0 3 1 0
0.0962679 0 5 1 0
0.0962679 0 8 1 0
0.0962679 0 9 1 0
0.0962679 0 6 1 0
0.0962679 0 10 1 0
0.0962679 0 3 1 0
0.0962679 0 4 1 0
0.0962679 0 6 1 0
0.0962679 0 5 1 0
0.0962679 0 2 1 0
0.0962679 0 7 1 0
0.0962679 0 1 1 0
0.0962679 0 8 1 0
0.0962679 0 9 1 0
0.0962679 0 2 1 0
0.0962679 0 5 1 0
0.0962679 0 6 1 0
0.0962679 0 3 1 0
0.0962679 0 4 1 0
0.0962679 0 7 1 0
0.0962679 0 1 1 0
0.0962679 0 1 1 0
0.0962679 0 2 1 0
0.0962679 0 18 1 0
0.0962679 0 19 1 0
0.0962679 0 10 1 0
0.0962679 0 12 1 0
0.0962679 0 10 1 0
0.097 0 54 1 0
0.097 0 55 1 0
0.097 0 56 1 0
0.097 0 57 1 0
0.097 0 58 1 0
0.097 0 59 1 0
0.097 0 60 1 0
0.097 0 61 1 0
0.097 0 62 1 0
0.097 0 63 1 0
0.0972144 0 1 3 0
0.0972145 0 2 3 0
0.0972146 0 3 3 0
0.0972147 0 3 3 0
0.0972149 0 8 3 0
0.097215 0 2 3 0
0.097215 0 9 3 0
0.0972152 0 8 3 0
0.0972153 0 7 3 0
0.0972154 0 2 3 0
0.0972155 0 9 3 0
0.0972156 0 14 3 0
0.0972157 0 17 3 0
0.0977144 7 33 3 0
0.0977144 12 18 3 0
0.0977145 10 21 3 0
0.0977145 21 10 3 0
0.0977146 11 23 3 0
0.0977146 25 10 3 0
0.0977147 16 24 3 0
0.0977148 29 19 3 0
0.0977148 50 19 3 0
0.0977149 32 27 3 0
0.097715 35 29 3 0
0.097715 38 20 3 0
0.0977151 39 25 3 0
0.0977152 45 28 3 0
0.0977153 46 26 3 0
0.0977154 51 30 3 0
0.0977155 53 22 3 0
0.0977156 54 31 3 0
0.0977156 56 34 3 0
0.0977157 62 32 3 0
0.0977679 39 12 3 0
0.0982143 0 33 1 0
0.0982143 0 21 1 0
0.0982143 0 23 1 0
0.0982143 0 24 1 0
0.0982143 0 19 1 0
0.0982143 0 27 1 0
0.0982143 0 29 1 0
0.0982143 0 20 1 0
0.0982143 0 25 1 0
0.0982143 0 28 1 0
0.0982143 0 26 1 0
0.0982143 0 30 1 0
0.0982143 0 22 1 0
0.0982143 0 31 1 0
0.0982143 0 34 1 0
0.0982143 0 32 1 0
0.0982144 0 33 3 0
0.0982145 0 21 3 0
0.0982146 0 23 3 0
0.0982147 0 24 3 0
0.0982148 0 19 3 0
0.0982149 0 27 3 0
0.098215 0 29 3 0
0.098215 0 20 3 0
0.0982151 0 25 3 0
0.0982152 0 28 3 0
0.0982153 0 26 3 0
0.0982154 0 30 3 0
0.0982155 0 22 3 0
0.0982156 0 31 3 0
0.0982156 0 34 3 0
0.0982157 0 32 3 0
0.0992144 0 18 3 0
0.0992145 0 10 3 0
0.0992146 0 10 3 0
0.0992148 0 19 3 0
0.0992679 0 12 3 0
0.0997144 1 63 3 0
0.0997144 7 3 3 0
0.0997145 2 62 3 0
0.0997145 10 4 3 0
0.0997146 13 58 3 0
0.0997146 11 4 3 0
0.0997147 19 54 3 0
0.0997147 16 5 3 0
0.0997148 24 55 3 0
0.0997148 29 2 3 0
0.0997149 49 61 3 0
0.0997149 32 7 3 0
0.099715 52 57 3 0
0.099715 35 10 3 0
0.099715 57 59 3 0
0.099715 38 5 3 0
0.0997151 58 56 3 0
0.0997152 59 60 3 0
0.0997152 45 11 3 0
0.0997153 46 12 3 0
0.0997154 51 7 3 0
0.0997155 53 8 3 0
0.0997156 54 13 3 0
0.0997157 56 15 3 0
0.0997157 62 11 3 0
0.1 0 1 1 0
0.1 0 2 1 0
0.1 0 3 1 0
0.1 0 4 1 0
0.1 0 5 1 0
0.1 0 6 1 0
0.1 0 7 1 0
0.1 0 8 1 0
0.1 0 9 1 0
0.1 0 10 1 0
0.1 0 11 1 0
0.1 0 12 1 0
0.1 0 13 1 0
0.1 0 14 1 0
0.1 0 15 1 0
0.1 0 16 1 0
0.100214 0 63 1 0
0.100214 0 62 1 0
0.100214 0 58 1 0
0.100214 0 54 1 0
0.100214 0 55 1 0
0.100214 0 61 1 0
0.100214 0 57 1 0
0.100214 0 59 1 0
0.100214 0 56 1 0
0.100214 0 60 1 0
0.100214 0 63 3 0
0.100215 0 62 3 0
0.100215 0 58 3 0
0.100215 0 54 3 0
0.100215 0 55 3 0
0.100215 0 61 3 0
0.100215 0 57 3 0
0.100215 0 59 3 0
0.100215 0 56 3 0
0.100215 0 60 3 0
0.101 0 39 1 0
0.101 0 40 1 0
0.101 0 41 1 0
0.101 0 42 1 0
0.101 0 43 1 0
0.101 0 44 1 0
0.101 0 45 1 0
0.101 0 46 1 0
0.101 0 47 1 0
0.101 0 48 1 0
0.101 0 49 1 0
0.101 0 50 1 0
0.101 0 51 1 0
0.101 0 52 1 0
0.101 0 53 1 0
0.101214 0 3 3 0
0.101215 0 4 3 0
0.101215 0 4 3 0
0.101215 0 5 3 0
0.101215 0 2 3 0
0.101215 0 7 3 0
0.101215 0 10 3 0
0.101215 0 5 3 0
0.101215 0 11 3 0
0.101215 0 12 3 0
0.101215 0 7 3 0
0.101215 0 8 3 0
0.101216 0 13 3 0
0.101216 0 15 3 0
0.101216 0 11 3 0
0.1015 0 5 3 0
0.101714 1 1 3 0
0.101715 2 1 3 0
0.101715 13 1 3 0
0.101715 19 6 3 0
0.101715 24 6 3 0
0.101715 49 6 3 0
0.101715 52 10 3 0
0.101715 57 8 3 0
0.101715 58 16 3 0
0.101715 59 9 3 0
0.102 17 5 3 0
0.102714 4 6 3 0
0.102715 8 2 3 0
0.102715 9 11 3 0
0.102715 15 1 3 0
0.102715 18 7 3 0
0.102715 20 15 3 0
0.102715 26 4 3 0
0.102715 28 12 3 0
0.102715 30 3 3 0
0.102715 31 5 3 0
0.102715 34 8 3 0
0.102715 37 16 3 0
0.102715 40 14 3 0
0.102716 41 9 3 0
0.102716 43 13 3 0
0.102716 63 10 3 0
0.103 0 64 1 0
0.103 0 65 1 0
0.103 0 66 1 0
0.103 0 67 1 0
0.103 0 68 1 0
0.103 0 69 1 0
0.103214 0 6 1 0
0.103214 0 2 1 0
0.103214 0 11 1 0
0.103214 0 1 1 0
0.103214 0 7 1 0
0.103214 0 15 1 0
0.103214 0 4 1 0
0.103214 0 12 1 0
0.103214 0 3 1 0
0.103214 0 5 1 0
0.103214 0 8 1 0
0.103214 0 16 1 0
0.103214 0 14 1 0
0.103214 0 9 1 0
0.103214 0 13 1 0
0.103214 0 10 1 0
0.103214 0 6 3 0
0.103214 0 1 3 0
0.103215 0 2 3 0
0.103215 0 1 3 0
0.103215 0 11 3 0
0.103215 0 1 3 0
0.103215 0 1 3 0
0.103215 0 6 3 0
0.103215 0 7 3 0
0.103215 0 6 3 0
0.103215 0 15 3 0
0.103215 0 6 3 0
0.103215 0 4 3 0
0.103215 0 10 3 0
0.103215 0 12 3 0
0.103215 0 8 3 0
0.103215 0 3 3 0
0.103215 0 16 3 0
0.103215 0 5 3 0
0.103215 0 9 3 0
0.103215 0 8 3 0
0.103215 0 16 3 0
0.103215 0 14 3 0
0.103216 0 9 3 0
0.103216 0 13 3 0
0.103216 0 10 3 0
0.103714 3 51 3 0
0.103715 5 52 3 0
0.103715 6 49 3 0
0.103715 14 43 3 0
0.103715 17 45 3 0
0.103715 22 48 3 0
0.103715 23 40 3 0
0.103715 27 41 3 0
0.103715 33 42 3 0
0.103715 42 39 3 0
0.103715 44 46 3 0
0.103715 47 53 3 0
0.103715 48 50 3 0
0.103716 55 44 3 0
0.103716 60 47 3 0
0.104214 0 51 1 0
0.104214 0 52 1 0
0.104214 0 49 1 0
0.104214 0 43 1 0
0.104214 0 45 1 0
0.104214 0 48 1 0
0.104214 0 40 1 0
0.104214 0 41 1 0
0.104214 0 42 1 0
0.104214 0 39 1 0
0.104214 0 46 1 0
0.104214 0 53 1 0
0.104214 0 50 1 0
0.104214 0 44 1 0
0.104214 0 47 1 0
0.104214 0 51 3 0
0.104215 0 52 3 0
0.104215 0 49 3 0
0.104215 0 43 3 0
0.104215 0 45 3 0
0.104215 0 48 3 0
0.104215 0 40 3 0
0.104215 0 41 3 0
0.104215 0 42 3 0
0.104215 0 39 3 0
0.104215 0 46 3 0
0.104215 0 53 3 0
0.104215 0 50 3 0
0.104216 0 44 3 0
0.104216 0 47 3 0
0.104714 4 2 3 0
0.104715 8 1 3 0
0.104715 9 2 3 0
0.104715 15 4 3 0
0.104715 18 1 3 0
0.104715 20 7 3 0
0.104715 26 5 3 0
0.104715 28 6 3 0
0.104715 30 3 3 0
0.104715 31 3 3 0
0.104715 34 7 3 0
0.104715 37 4 3 0
0.104715 40 4 3 0
0.104716 41 5 3 0
0.104716 43 6 3 0
0.104716 63 9 3 0
0.10475 0 1 1 0
0.10475 0 2 1 0
0.10475 0 3 1 0
0.10475 0 4 1 0
0.10475 0 5 1 0
0.10475 0 6 1 0
0.10475 0 7 1 0
0.10475 0 8 1 0
0.10475 0 9 1 0
0.10475 0 10 1 0
0.10475 0 11 1 0
0.10475 0 12 1 0
0.10475 0 13 1 0
0.10475 0 14 1 0
0.10475 0 15 1 0
0.10475 0 16 1 0
0.10475 0 17 1 0
0.10475 0 1 1 0
0.10475 0 2 1 0
0.10475 0 3 1 0
0.10475 0 4 1 0
0.10475 0 5 1 0
0.10475 0 6 1 0
0.10475 0 7 1 0
0.10475 0 8 1 0
0.10475 0 9 1 0
0.10475 0 1 1 0
0.10475 0 2 1 0
0.10475 0 3 1 0
0.10475 0 4 1 0
0.10475 0 5 1 0
0.10475 0 6 1 0
0.10475 0 7 1 0
0.10475 0 8 1 0
0.10475 0 9 1 0
0.10475 0 10 1 0
0.10475 0 11 1 0
0.10475 0 1 1 0
0.10475 0 2 1 0
0.10475 0 3 1 0
0.10475 0 4 1 0
0.10475 0 5 1 0
0.10475 0 6 1 0
0.10475 0 7 1 0
0.10475 0 8 1 0
0.10475 0 9 1 0
0.10475 0 1 1 0
0.10475 0 2 1 0
0.10475 0 3 1 0
0.10475 0 4 1 0
0.10475 0 5 1 0
0.10475 0 6 1 0
0.10475 0 7 1 0
0.10475 0 1 1 0
0.10475 0 2 1 0
0.10475 0 18 1 0
0.10475 0 19 1 0
0.10475 0 10 1 0
0.10475 0 12 1 0
0.10475 0 10 1 0
0.10475 0 13 1 0
