% start	end	CellId	IMSI	RNTI	LCID	nTxPDUs	TxBytes	nRxPDUs	RxBytes	delay	stdDev	min	max	PduSize	stdDev	min	max
0.2	0.3	1	1	63	3	14	5880	1	58	0.0449999	0	0.0449999	0.0449999	58	0	58	58	
0.2	0.3	1	3	51	3	2	112	2	112	0.0270391	0.0112582	0.0190784	0.0349998	56	2.82843	54	58	
0.2	0.3	1	4	6	3	2	112	1	58	0.00499976	0	0.00499976	0.00499976	58	0	58	58	
0.2	0.3	1	5	52	3	17	7650	16	7060	0.0126412	0.0105181	0.000677088	0.0359997	441.25	207.626	54	590	
0.2	0.3	1	7	33	3	8	2996	1	58	0.0219996	0	0.0219996	0.0219996	58	0	58	58	
0.2	0.3	1	8	2	3	5	1554	1	58	0.00399953	0	0.00399953	0.00399953	58	0	58	58	
0.2	0.3	1	9	11	3	26	12632	20	9420	0.00748741	0.00992332	0.000664873	0.0230784	471	194.319	54	590	
0.2	0.3	1	11	23	3	2	112	1	58	0.0149994	0	0.0149994	0.0149994	58	0	58	58	
0.2	0.3	1	12	69	3	2	112	2	112	0.0253567	0.0348499	0.000714108	0.0499993	56	2.82843	54	58	
0.2	0.3	1	13	58	3	14	5880	1	58	0.0409992	0	0.0409992	0.0409992	58	0	58	58	
0.2	0.3	1	15	1	3	2	112	2	112	0.00199055	0.00153845	0.000902699	0.0030784	56	2.82843	54	58	
0.2	0.3	1	16	24	3	2	112	2	112	0.0190387	0.00429875	0.0159991	0.0220784	56	2.82843	54	58	
0.2	0.3	1	17	45	3	14	5880	1	58	0.027999	0	0.027999	0.027999	58	0	58	58	
0.2	0.3	1	19	54	3	2	112	2	112	0.0280387	0.0140859	0.0180784	0.0379989	56	2.82843	54	58	
0.2	0.3	1	20	15	3	2	112	2	112	0.0170386	0.00712734	0.0119988	0.0220784	56	2.82843	54	58	
0.2	0.3	1	21	64	3	14	5880	1	58	0.0459987	0	0.0459987	0.0459987	58	0	58	58	
0.2	0.3	1	23	40	3	2	112	2	112	0.0225385	0.00206494	0.0210784	0.0239987	56	2.82843	54	58	
0.2	0.3	1	24	55	3	2	112	1	58	0.0389986	0	0.0389986	0.0389986	58	0	58	58	
0.2	0.3	1	25	68	3	14	5880	1	58	0.0489985	0	0.0489985	0.0489985	58	0	58	58	
0.2	0.3	1	27	41	3	2	112	1	58	0.0249984	0	0.0249984	0.0249984	58	0	58	58	
0.2	0.3	1	28	12	3	2	112	1	58	0.00899836	0	0.00899836	0.00899836	58	0	58	58	
0.2	0.3	1	29	19	3	29	14402	28	13812	0.00285387	0.00511193	0.000682867	0.0212564	493.286	177.048	54	590	
0.2	0.3	1	31	5	3	2	112	2	112	0.00249	0.00224611	0.000901763	0.00407825	56	2.82843	54	58	
0.2	0.3	1	32	27	3	2	112	1	58	0.0179981	0	0.0179981	0.0179981	58	0	58	58	
0.2	0.3	1	33	42	3	17	7118	16	7060	0.0142131	0.0095583	0.000677363	0.025998	441.25	207.626	54	590	
0.2	0.3	1	35	29	3	11	4438	1	58	0.019998	0	0.019998	0.019998	58	0	58	58	
0.2	0.3	1	36	67	3	3	170	2	112	0.024356	0.0334347	0.000714108	0.0479979	56	2.82843	54	58	
0.2	0.3	1	37	16	3	14	5880	1	58	0.0129978	0	0.0129978	0.0129978	58	0	58	58	
0.2	0.3	1	39	25	3	2	112	1	58	0.0169977	0	0.0169977	0.0169977	58	0	58	58	
0.2	0.3	1	40	14	3	2	112	2	112	0.00623088	0.00674124	0.00146411	0.0109977	56	2.82843	54	58	
0.2	0.3	1	41	9	3	14	5880	1	58	0.00599758	0	0.00599758	0.00599758	58	0	58	58	
0.2	0.3	1	43	13	3	2	112	2	112	0.016538	0.0092496	0.0099975	0.0230784	56	2.82843	54	58	
0.2	0.3	1	44	46	3	2	112	1	58	0.0319974	0	0.0319974	0.0319974	58	0	58	58	
0.2	0.3	1	45	28	3	14	5880	1	58	0.0189973	0	0.0189973	0.0189973	58	0	58	58	
0.2	0.3	1	47	53	3	1	58	1	58	0.0369973	0	0.0369973	0.0369973	58	0	58	58	
0.2	0.3	1	48	50	3	2	112	1	58	0.0339972	0	0.0339972	0.0339972	58	0	58	58	
0.2	0.3	1	49	61	3	14	5880	1	58	0.0439971	0	0.0439971	0.0439971	58	0	58	58	
0.2	0.3	1	51	30	3	2	112	1	58	0.020997	0	0.020997	0.020997	58	0	58	58	
0.2	0.3	1	52	57	3	2	112	1	58	0.039997	0	0.039997	0.039997	58	0	58	58	
0.2	0.3	1	53	22	3	14	5880	1	58	0.0139969	0	0.0139969	0.0139969	58	0	58	58	
0.2	0.3	1	55	44	3	2	112	1	58	0.0269968	0	0.0269968	0.0269968	58	0	58	58	
0.2	0.3	1	56	34	3	2	112	2	112	0.0118554	0.0157562	0.000714108	0.0229967	56	2.82843	54	58	
0.2	0.3	1	57	59	3	14	5880	14	5880	0.0105808	0.0121254	0.000664873	0.0419966	420	214.127	54	590	
0.2	0.3	1	59	60	3	2	112	1	58	0.0429966	0	0.0429966	0.0429966	58	0	58	58	
0.2	0.3	1	60	47	3	4	228	4	228	0.0477411	0.0353017	0.000900047	0.0749965	57	2	54	58	
0.2	0.3	1	61	66	3	14	5880	1	58	0.0469964	0	0.0469964	0.0469964	58	0	58	58	
0.2	0.3	1	63	10	3	14	5880	1	58	0.00699633	0	0.00699633	0.00699633	58	0	58	58	
0.3	0.4	1	1	63	3	18	10620	13	5822	0.0628889	0.000673711	0.062022	0.0640713	447.846	194.707	54	590	
0.3	0.4	1	5	52	3	26	15220	21	12270	0.0076916	0.00850057	0.000729934	0.0268631	584.286	26.1861	470	590	
0.3	0.4	1	6	49	3	174	227940	101	132310	0.00340553	0.00763188	0.000654256	0.0320088	1310	0	1310	1310	
0.3	0.4	1	7	33	3	25	13406	29	14902	0.0190966	0.0079186	0.0059809	0.0490713	513.862	153.312	54	590	
0.3	0.4	1	9	11	3	24	14160	30	17372	0.00950339	0.00990063	0.000746783	0.0368101	579.067	59.8843	262	590	
0.3	0.4	1	13	58	3	18	10620	13	5822	0.0638889	0.000673711	0.063022	0.0650713	447.846	194.707	54	590	
0.3	0.4	1	15	1	3	15	7210	12	5768	0.00223869	0.0013098	0.000879312	0.00380318	480.667	161.496	262	590	
0.3	0.4	1	17	45	3	18	10620	28	14672	0.0304487	0.0146447	0.0170637	0.0470713	524	148.532	54	590	
0.3	0.4	1	21	64	3	18	10620	13	5822	0.0648889	0.000673711	0.064022	0.0660713	447.846	194.707	54	590	
0.3	0.4	1	25	68	3	18	10620	13	5822	0.0658889	0.000673711	0.065022	0.0670713	447.846	194.707	54	590	
0.3	0.4	1	26	4	3	101	132310	11	14410	0.00344302	0.00028391	0.00302193	0.00381393	1310	0	1310	1310	
0.3	0.4	1	29	19	3	20	11800	18	10620	0.00564679	0.00857146	0.000749311	0.0303631	590	0	590	590	
0.3	0.4	1	33	42	3	20	11800	20	11800	0.00343932	0.00449434	0.000676355	0.0125957	590	0	590	590	
0.3	0.4	1	35	29	3	22	11964	29	14902	0.0229259	0.00717917	0.0130518	0.0490713	513.862	155.738	54	590	
0.3	0.4	1	37	16	3	49	28910	28	14672	0.0355916	0.0126143	0.0240637	0.0500713	524	148.532	54	590	
0.3	0.4	1	40	14	3	9	4326	9	4326	0.00243719	0.00160666	0.000875742	0.00488366	480.667	164	262	590	
0.3	0.4	1	41	9	3	49	28910	28	14672	0.0369845	0.014137	0.0240637	0.0530713	524	148.532	54	590	
0.3	0.4	1	45	28	3	18	10620	28	14672	0.0335202	0.0136294	0.0210637	0.0490713	524	148.532	54	590	
0.3	0.4	1	46	26	3	111	145410	10	13100	0.00340412	0.000291875	0.00305212	0.00384412	1310	0	1310	1310	
0.3	0.4	1	49	61	3	18	10620	13	5822	0.0628889	0.000673711	0.062022	0.0640713	447.846	194.707	54	590	
0.3	0.4	1	53	22	3	18	10620	28	14672	0.0353426	0.0128556	0.0230678	0.0500713	524	148.532	54	590	
0.3	0.4	1	57	59	3	22	12860	22	12860	0.00699386	0.00938476	0.000748295	0.0258101	584.545	25.5841	470	590	
0.3	0.4	1	61	66	3	18	10620	13	5822	0.0648889	0.000673711	0.064022	0.0660713	447.846	194.707	54	590	
0.3	0.4	1	63	10	3	40	22640	28	14672	0.0259103	0.00751547	0.0162913	0.0530713	524	148.532	54	590	
0.4	0.5	1	1	63	3	63	37170	31	18290	0.0212283	0.0156768	0.0110648	0.0660632	590	0	590	590	
0.4	0.5	1	5	52	3	15	8850	21	12390	0.00804291	0.0100213	0.000713581	0.0321136	590	0	590	590	
0.4	0.5	1	6	49	3	388	508280	228	298680	0.0114641	0.0292932	0.000654256	0.119161	1310	0	1310	1310	
0.4	0.5	1	7	33	3	11	6458	14	7900	0.0284649	0.0187362	0.0190658	0.0651945	564.286	87.4207	262	590	
0.4	0.5	1	9	11	3	16	9440	16	9440	0.0114392	0.0123976	0.000783505	0.0281126	590	0	590	590	
0.4	0.5	1	13	58	3	63	37170	31	18290	0.0211638	0.0154287	0.0120648	0.0660632	590	0	590	590	
0.4	0.5	1	15	1	3	41	21982	44	23424	0.00596576	0.00819974	0.000725978	0.0288832	532.364	124.314	262	590	
0.4	0.5	1	17	45	3	63	37170	32	18880	0.0503449	0.0262917	0.0190648	0.0720642	590	0	590	590	
0.4	0.5	1	18	7	3	165	216150	94	123140	0.00374998	0.00740781	0.000700498	0.030291	1310	0	1310	1310	
0.4	0.5	1	21	64	3	63	37170	31	18290	0.020067	0.0151379	0.0110648	0.0640632	590	0	590	590	
0.4	0.5	1	25	68	3	63	37170	31	18290	0.0225187	0.0154945	0.0170637	0.0690632	590	0	590	590	
0.4	0.5	1	26	4	3	389	509590	28	36680	0.0615419	0.0262543	0.0274619	0.0986219	1310	0	1310	1310	
0.4	0.5	1	28	12	3	9	4326	9	4326	0.00394654	0.000750556	0.00307954	0.00481362	480.667	164	262	590	
0.4	0.5	1	29	19	3	14	8260	15	8850	0.0155847	0.0130008	0.000819723	0.0301136	590	0	590	590	
0.4	0.5	1	33	42	3	15	8850	13	7670	0.00574133	0.00792204	0.00073095	0.0203631	590	0	590	590	
0.4	0.5	1	35	29	3	60	30864	35	18530	0.0437869	0.0229851	0.0180642	0.0730637	529.429	126.048	262	590	
0.4	0.5	1	37	16	3	32	18880	32	18880	0.0500011	0.0276907	0.0170648	0.0750632	590	0	590	590	
0.4	0.5	1	40	14	3	9	4326	9	4326	0.0023348	0.00113729	0.00112693	0.00361699	480.667	164	262	590	
0.4	0.5	1	41	9	3	64	37760	32	18880	0.0490011	0.026875	0.0170648	0.0750632	590	0	590	590	
0.4	0.5	1	45	28	3	63	37170	32	18880	0.0502199	0.0270223	0.0180648	0.0730632	590	0	590	590	
0.4	0.5	1	46	26	3	389	509590	28	36680	0.0615901	0.0270338	0.0262601	0.0994201	1310	0	1310	1310	
0.4	0.5	1	49	61	3	63	37170	31	18290	0.0211638	0.0154287	0.0120648	0.0660632	590	0	590	590	
0.4	0.5	1	53	22	3	63	37170	32	18880	0.0499078	0.0276049	0.0170648	0.0740673	590	0	590	590	
0.4	0.5	1	57	59	3	17	10030	16	9440	0.00442634	0.00817879	0.000748799	0.0251126	590	0	590	590	
0.4	0.5	1	61	66	3	63	37170	31	18290	0.020067	0.0151379	0.0110648	0.0640632	590	0	590	590	
0.4	0.5	1	63	10	3	41	20134	36	19296	0.0443747	0.0235509	0.0170642	0.0740673	536	128.604	110	590	
0.5	0.6	1	1	63	3	32	18880	32	18880	0.0773758	0.0156978	0.0660567	0.128056	590	0	590	590	
0.5	0.6	1	5	52	3	15	8850	13	7670	0.0135291	0.0135466	0.000713077	0.0345065	590	0	590	590	
0.5	0.6	1	6	49	3	389	509590	202	264620	0.018044	0.0508189	0.000656256	0.194433	1310	0	1310	1310	
0.5	0.6	1	7	33	3	3	1442	3	1442	0.0039198	3.80591e-07	0.00391947	0.00392022	480.667	189.371	262	590	
0.5	0.6	1	9	11	3	13	7670	13	7670	0.00752802	0.0104216	0.000747791	0.0301136	590	0	590	590	
0.5	0.6	1	13	58	3	32	18880	32	18880	0.0779383	0.0155414	0.0670567	0.129056	590	0	590	590	
0.5	0.6	1	15	1	3	29	16782	25	14422	0.00474719	0.00895388	0.000695938	0.0301136	576.88	65.6	262	590	
0.5	0.6	1	17	45	3	64	37760	32	18880	0.107376	0.029892	0.0740642	0.134064	590	0	590	590	
0.5	0.6	1	18	7	3	197	258070	117	153270	0.0179456	0.030818	0.000656498	0.107819	1310	0	1310	1310	
0.5	0.6	1	20	15	3	9	4326	9	4326	0.00223704	0.00121545	0.000929495	0.00373976	480.667	164	262	590	
0.5	0.6	1	21	64	3	32	18880	32	18880	0.0788758	0.0153297	0.0680567	0.129056	590	0	590	590	
0.5	0.6	1	25	68	3	32	18880	32	18880	0.0758133	0.01465	0.0680567	0.129056	590	0	590	590	
0.5	0.6	1	26	4	3	148	193880	29	37990	0.164418	0.0325912	0.121294	0.209198	1310	0	1310	1310	
0.5	0.6	1	28	12	3	9	4326	3	1442	0.0246799	3.80591e-07	0.0246795	0.0246803	480.667	189.371	262	590	
0.5	0.6	1	29	19	3	18	10620	20	11800	0.005623	0.00911203	0.00065901	0.031006	590	0	590	590	
0.5	0.6	1	33	42	3	11	6490	12	7080	0.0089683	0.0111106	0.000766656	0.0276136	590	0	590	590	
0.5	0.6	1	35	29	3	42	20188	39	19282	0.0772203	0.0147955	0.0525584	0.105733	494.41	155.613	142	590	
0.5	0.6	1	37	16	3	64	37760	32	18880	0.108751	0.0293476	0.0760642	0.135064	590	0	590	590	
0.5	0.6	1	40	14	3	9	4326	9	4326	0.00213917	0.00155622	0.000736674	0.00421699	480.667	164	262	590	
0.5	0.6	1	41	9	3	32	18880	32	18880	0.102251	0.029811	0.0690642	0.129064	590	0	590	590	
0.5	0.6	1	44	46	3	6	2884	6	2884	0.0034064	7.30303e-05	0.00333941	0.00347349	480.667	169.378	262	590	
0.5	0.6	1	45	28	3	64	37760	32	18880	0.108313	0.0298505	0.0750642	0.135064	590	0	590	590	
0.5	0.6	1	46	26	3	389	509590	29	37990	0.164251	0.0312601	0.122092	0.205996	1310	0	1310	1310	
0.5	0.6	1	49	61	3	32	18880	32	18880	0.0779383	0.0155414	0.0670567	0.129056	590	0	590	590	
0.5	0.6	1	53	22	3	64	37760	32	18880	0.109251	0.029811	0.0760642	0.136064	590	0	590	590	
0.5	0.6	1	55	44	3	29	14366	27	13514	0.0286562	0.0205709	0.00330728	0.061828	500.519	145.616	262	590	
0.5	0.6	1	57	59	3	13	7670	12	7080	0.0128364	0.012964	0.000748295	0.0303636	590	0	590	590	
0.5	0.6	1	61	66	3	32	18880	32	18880	0.0788758	0.0153297	0.0680567	0.129056	590	0	590	590	
0.5	0.6	1	62	32	3	199	260690	25	32750	0.0117839	0.0131056	0.00317587	0.0331279	1310	0	1310	1310	
0.5	0.6	1	63	10	3	42	20188	38	18692	0.0769767	0.0151986	0.052798	0.104972	491.895	156.896	142	590	
0.6	0.7	1	1	63	3	64	37760	16	9440	0.14506	2.39952e-06	0.145056	0.145064	590	0	590	590	
0.6	0.7	1	5	52	3	21	12390	19	11210	0.00704409	0.00480294	0.000695228	0.0156136	590	0	590	590	
0.6	0.7	1	6	49	3	389	509590	214	280340	0.0267066	0.0769082	0.000654256	0.282425	1310	0	1310	1310	
0.6	0.7	1	7	33	3	45	21630	25	12126	0.026691	0.0175019	0.0030928	0.0524402	485.04	156.159	262	590	
0.6	0.7	1	9	11	3	15	8850	15	8850	0.00461325	0.00580809	0.000713093	0.0156136	590	0	590	590	
0.6	0.7	1	13	58	3	64	37760	32	18880	0.155	0.0165134	0.145056	0.213056	590	0	590	590	
0.6	0.7	1	15	1	3	14	8260	18	10620	0.00537716	0.00632828	0.000945738	0.0178626	590	0	590	590	
0.6	0.7	1	17	45	3	64	37760	16	9440	0.152691	0.0180988	0.146064	0.199056	590	0	590	590	
0.6	0.7	1	20	15	3	9	4326	9	4326	0.00191244	0.00121695	0.000778777	0.0034736	480.667	164	262	590	
0.6	0.7	1	21	64	3	64	37760	16	9440	0.14606	2.39952e-06	0.146056	0.146064	590	0	590	590	
0.6	0.7	1	25	68	3	64	37760	16	9440	0.14306	2.39952e-06	0.143056	0.143064	590	0	590	590	
0.6	0.7	1	28	12	3	9	4326	12	5768	0.0368465	0.017907	0.0181462	0.055547	480.667	161.496	262	590	
0.6	0.7	1	29	19	3	13	7670	13	7670	0.00533316	0.00845508	0.000695283	0.0253279	590	0	590	590	
0.6	0.7	1	33	42	3	17	10030	17	10030	0.00363097	0.00706689	0.000730942	0.0303458	590	0	590	590	
0.6	0.7	1	34	8	3	95	124450	19	24890	0.00780295	0.0057467	0.00313306	0.0158771	1310	0	1310	1310	
0.6	0.7	1	35	29	3	45	21630	19	8914	0.106136	0.012883	0.0878118	0.128772	469.158	162.555	262	590	
0.6	0.7	1	37	16	3	41	24190	16	9440	0.150941	0.0187819	0.144064	0.199056	590	0	590	590	
0.6	0.7	1	40	14	3	9	4326	9	4326	0.00283402	0.00147799	0.000738369	0.00395033	480.667	164	262	590	
0.6	0.7	1	41	9	3	41	24190	16	9440	0.148691	0.0180988	0.142064	0.195056	590	0	590	590	
0.6	0.7	1	44	46	3	9	4326	6	2884	0.0181397	0.0163586	0.00320607	0.0330735	480.667	169.378	262	590	
0.6	0.7	1	45	28	3	64	37760	16	9440	0.151816	0.0184404	0.145064	0.199056	590	0	590	590	
0.6	0.7	1	46	26	3	389	509590	21	27510	0.267977	0.0269696	0.235668	0.30162	1310	0	1310	1310	
0.6	0.7	1	49	61	3	64	37760	32	18880	0.155	0.0165134	0.145056	0.213056	590	0	590	590	
0.6	0.7	1	50	65	3	255	334050	144	188640	0.00319031	0.00798802	0.000654712	0.0390052	1310	0	1310	1310	
0.6	0.7	1	53	22	3	41	24190	16	9440	0.151941	0.0187819	0.145064	0.200056	590	0	590	590	
0.6	0.7	1	55	44	3	50	27020	16	9112	0.0369175	0.0187177	0.0300642	0.0848675	569.5	82	262	590	
0.6	0.7	1	57	59	3	10	5900	10	5900	0.00512157	0.00627859	0.000749303	0.0193458	590	0	590	590	
0.6	0.7	1	61	66	3	64	37760	16	9440	0.14706	2.39952e-06	0.147056	0.147064	590	0	590	590	
0.6	0.7	1	62	32	3	388	508280	21	27510	0.0937759	0.0257077	0.0627999	0.125752	1310	0	1310	1310	
0.6	0.7	1	63	10	3	45	21630	20	9504	0.106118	0.0137428	0.0822254	0.130011	475.2	160.51	262	590	
0.7	0.8	1	1	63	3	32	18880	32	18880	0.1955	0.0336853	0.158064	0.226064	590	0	590	590	
0.7	0.8	1	5	52	3	16	9440	17	10030	0.00567276	0.00631997	0.000713589	0.0183279	590	0	590	590	
0.7	0.8	1	6	49	3	388	508280	224	293440	0.0325092	0.0985849	0.000654256	0.370065	1310	0	1310	1310	
0.7	0.8	1	7	33	3	42	20188	20	9504	0.0579758	0.0135224	0.0385195	0.0794797	475.2	160.51	262	590	
0.7	0.8	1	9	11	3	15	8850	15	8850	0.00768573	0.00925431	0.000766664	0.0306126	590	0	590	590	
0.7	0.8	1	13	58	3	64	37760	16	9440	0.22306	2.39952e-06	0.223056	0.223064	590	0	590	590	
0.7	0.8	1	15	1	3	15	8850	15	8850	0.00796584	0.00853909	0.000784521	0.0288631	590	0	590	590	
0.7	0.8	1	16	24	3	6	2884	6	2884	0.00353394	7.30303e-05	0.00346695	0.00360103	480.667	169.378	262	590	
0.7	0.8	1	17	45	3	32	18880	16	9440	0.24906	2.39952e-06	0.249056	0.249064	590	0	590	590	
0.7	0.8	1	18	7	3	311	407410	174	227940	0.0317253	0.0834726	0.000654741	0.289595	1310	0	1310	1310	
0.7	0.8	1	20	15	3	9	4326	9	4326	0.0017664	0.00136531	0.000762326	0.00380693	480.667	164	262	590	
0.7	0.8	1	21	64	3	32	18880	32	18880	0.194625	0.033756	0.157064	0.225064	590	0	590	590	
0.7	0.8	1	23	40	3	9	4326	8	4064	0.0023136	0.00114707	0.000875409	0.00354382	508	151.834	262	590	
0.7	0.8	1	25	68	3	32	18880	32	18880	0.195688	0.0340149	0.158064	0.227064	590	0	590	590	
0.7	0.8	1	28	12	3	9	4326	6	2884	0.0329465	0.0186956	0.0158795	0.0500136	480.667	169.378	262	590	
0.7	0.8	1	29	19	3	11	6490	11	6490	0.0018868	0.00222822	0.000713597	0.00811365	590	0	590	590	
0.7	0.8	1	32	27	3	9	4326	6	2884	0.00317944	7.30834e-05	0.0031124	0.00324657	480.667	169.378	262	590	
0.7	0.8	1	33	42	3	14	8260	15	8850	0.00850654	0.00993733	0.000748799	0.0300779	590	0	590	590	
0.7	0.8	1	35	29	3	45	21630	20	9832	0.165529	0.0135224	0.144025	0.184986	491.6	154.213	262	590	
0.7	0.8	1	37	16	3	17	10030	32	18880	0.223	0.0178288	0.211056	0.283056	590	0	590	590	
0.7	0.8	1	40	14	3	9	4326	6	2884	0.00351776	0.0014176	0.000756913	0.00441699	480.667	169.378	262	590	
0.7	0.8	1	41	9	3	17	10030	32	18880	0.219688	0.0174835	0.207056	0.276056	590	0	590	590	
0.7	0.8	1	44	46	3	9	4326	6	2884	0.0478731	0.0186956	0.0308061	0.0649402	480.667	169.378	262	590	
0.7	0.8	1	45	28	3	32	18880	32	18880	0.225	0.0185351	0.212056	0.286056	590	0	590	590	
0.7	0.8	1	46	26	3	389	509590	15	19650	0.346369	0.017092	0.330036	0.36478	1310	0	1310	1310	
0.7	0.8	1	49	61	3	32	18880	16	9440	0.22606	2.39952e-06	0.226056	0.226064	590	0	590	590	
0.7	0.8	1	50	65	3	389	509590	218	285580	0.0104789	0.0301814	0.000660712	0.133789	1310	0	1310	1310	
0.7	0.8	1	53	22	3	17	10030	32	18880	0.225	0.0185351	0.212056	0.286056	590	0	590	590	
0.7	0.8	1	55	44	3	21	10094	19	9418	0.121618	0.0113673	0.100121	0.134064	495.684	165.281	110	590	
0.7	0.8	1	57	59	3	9	5310	9	5310	0.00860333	0.0104294	0.000747882	0.0278636	590	0	590	590	
0.7	0.8	1	60	47	3	6	2884	6	2884	0.00344416	0.000474693	0.0030105	0.00387791	480.667	169.378	262	590	
0.7	0.8	1	61	66	3	32	18880	32	18880	0.196125	0.034222	0.158064	0.227064	590	0	590	590	
0.7	0.8	1	62	32	3	389	509590	22	28820	0.188636	0.0296432	0.155168	0.22712	1310	0	1310	1310	
0.7	0.8	1	63	10	3	42	20188	39	18746	0.139887	0.0185409	0.106265	0.176265	480.667	156.642	262	590	
0.8	0.9	1	1	63	3	32	18880	16	9440	0.289816	0.0211729	0.282064	0.344056	590	0	590	590	
0.8	0.9	1	5	52	3	12	7080	15	8850	0.0151304	0.0121903	0.000748799	0.0375244	590	0	590	590	
0.8	0.9	1	6	49	3	126	165060	88	115280	0.150763	0.170612	0.000806256	0.477825	1310	0	1310	1310	
0.8	0.9	1	7	33	3	45	21630	19	9242	0.129369	0.012883	0.106734	0.147694	486.421	156.642	262	590	
0.8	0.9	1	9	11	3	14	8260	13	7670	0.0116692	0.00990853	0.000819219	0.0270601	590	0	590	590	
0.8	0.9	1	12	69	3	6	2884	6	2884	0.00313179	0.00114272	0.000966187	0.00391198	480.667	169.378	262	590	
0.8	0.9	1	15	1	3	14	8260	11	6490	0.00849771	0.00949728	0.000892159	0.0291136	590	0	590	590	
0.8	0.9	1	16	24	3	9	4326	3	1442	0.0183339	3.80591e-07	0.0183336	0.0183344	480.667	189.371	262	590	
0.8	0.9	1	18	7	3	389	509590	222	290820	0.0241033	0.0858723	0.000654741	0.361451	1310	0	1310	1310	
0.8	0.9	1	20	15	3	9	4326	7	3474	0.00285911	0.00130225	0.000846165	0.0036736	496.286	160.048	262	590	
0.8	0.9	1	21	64	3	32	18880	16	9440	0.290691	0.0208313	0.283064	0.344056	590	0	590	590	
0.8	0.9	1	23	40	3	37	19414	41	21118	0.00951884	0.00959246	0.00083838	0.0352364	515.073	137.157	262	590	
0.8	0.9	1	25	68	3	32	18880	16	9440	0.292691	0.0208313	0.285064	0.346056	590	0	590	590	
0.8	0.9	1	27	41	3	12	5768	9	4326	0.00364328	0.000150111	0.00346961	0.00381703	480.667	164	262	590	
0.8	0.9	1	28	12	3	9	4326	9	4326	0.0636132	0.0295603	0.0294795	0.097747	480.667	164	262	590	
0.8	0.9	1	29	19	3	6	3540	6	3540	0.00708244	0.00640723	0.000820739	0.0152208	590	0	590	590	
0.8	0.9	1	32	27	3	9	4326	3	1442	0.0149792	3.80591e-07	0.0149789	0.0149796	480.667	189.371	262	590	
0.8	0.9	1	33	42	3	12	7080	11	6490	0.00948945	0.0106749	0.000731454	0.0278636	590	0	590	590	
0.8	0.9	1	35	29	3	42	20188	19	8914	0.23739	0.012883	0.219065	0.260025	469.158	162.555	262	590	
0.8	0.9	1	37	16	3	16	9440	0	0	0	0	0	0	0	0	0	0	
0.8	0.9	1	40	14	3	9	4326	9	4326	0.00637966	0.00457292	0.000705509	0.0111503	480.667	164	262	590	
0.8	0.9	1	41	9	3	33	19470	16	9440	0.30706	2.39952e-06	0.307056	0.307064	590	0	590	590	
0.8	0.9	1	44	46	3	6	2884	12	5768	0.0614731	0.0398591	0.0102727	0.112673	480.667	161.496	262	590	
0.8	0.9	1	45	28	3	32	18880	0	0	0	0	0	0	0	0	0	0	
0.8	0.9	1	46	26	3	388	508280	21	27510	0.441095	0.029881	0.404452	0.477404	1310	0	1310	1310	
0.8	0.9	1	47	53	3	1	54	1	54	0.0030784	0	0.0030784	0.0030784	54	0	54	54	
0.8	0.9	1	49	61	3	32	18880	16	9440	0.289816	0.0211729	0.282064	0.344056	590	0	590	590	
0.8	0.9	1	50	65	3	429	561990	205	268550	0.0187728	0.0478496	0.000656712	0.205645	1310	0	1310	1310	
0.8	0.9	1	53	22	3	16	9440	0	0	0	0	0	0	0	0	0	0	
0.8	0.9	1	57	59	3	6	3540	8	4720	0.0170804	0.0110673	0.000749303	0.0263636	590	0	590	590	
0.8	0.9	1	58	56	3	16	20960	4	5240	0.00345643	0.000330495	0.00307243	0.00384043	1310	0	1310	1310	
0.8	0.9	1	60	47	3	9	4326	3	1442	0.0197442	3.80591e-07	0.0197438	0.0197446	480.667	189.371	262	590	
0.8	0.9	1	61	66	3	32	18880	16	9440	0.292691	0.0208313	0.285064	0.346056	590	0	590	590	
0.8	0.9	1	62	32	3	389	509590	14	18340	0.281664	0.0187949	0.262792	0.300536	1310	0	1310	1310	
0.8	0.9	1	63	10	3	45	21630	19	9242	0.187998	0.013072	0.167518	0.208478	486.421	156.642	262	590	
0.9	1	1	1	63	3	32	18880	0	0	0	0	0	0	0	0	0	0	
0.9	1	1	3	51	3	2	108	2	108	0.0050356	0.00277797	0.00307127	0.00699992	54	0	54	54	
0.9	1	1	4	6	3	2	108	2	108	0.00603556	0.00419213	0.00307127	0.00899985	54	0	54	54	
0.9	1	1	5	52	3	8	4720	8	4720	0.0268852	0.0267239	0.000749303	0.0581136	590	0	590	590	
0.9	1	1	7	33	3	7	2938	0	0	0	0	0	0	0	0	0	0	
0.9	1	1	8	2	3	2	108	2	108	0.0100355	0.00560624	0.00607127	0.0139997	54	0	54	54	
0.9	1	1	9	11	3	8	4720	9	5310	0.00974111	0.0156522	0.000676363	0.0480601	590	0	590	590	
0.9	1	1	11	23	3	2	108	2	108	0.00653545	0.00489908	0.00307127	0.00999962	54	0	54	54	
0.9	1	1	12	69	3	2	108	2	108	0.00936576	0.01221	0.000731969	0.0179995	54	0	54	54	
0.9	1	1	13	58	3	32	18880	16	9440	0.39806	2.39952e-06	0.398056	0.398064	590	0	590	590	
0.9	1	1	15	1	3	7	4130	10	5900	0.0189914	0.0161088	0.000713589	0.0390417	590	0	590	590	
0.9	1	1	16	24	3	1	54	7	2938	0.118686	0.0223387	0.0859995	0.141201	419.714	223.414	54	590	
0.9	1	1	17	45	3	32	18880	16	9440	0.43006	2.39952e-06	0.430056	0.430064	590	0	590	590	
0.9	1	1	18	7	3	41	53710	42	55020	0.146698	0.209813	0.000674741	0.476563	1310	0	1310	1310	
0.9	1	1	19	54	3	2	108	2	108	0.00436568	0.00513885	0.000731969	0.0079994	54	0	54	54	
0.9	1	1	20	15	3	2	108	4	960	0.0137074	0.00844698	0.00640619	0.0216529	240	253.098	54	590	
0.9	1	1	21	64	3	32	18880	0	0	0	0	0	0	0	0	0	0	
0.9	1	1	23	40	3	18	10556	16	9440	0.0207412	0.0239761	0.000712573	0.0675779	590	0	590	590	
0.9	1	1	24	55	3	2	108	2	108	0.0115353	0.00489882	0.00807127	0.0149992	54	0	54	54	
0.9	1	1	25	68	3	32	18880	0	0	0	0	0	0	0	0	0	0	
0.9	1	1	27	41	3	5	2830	8	4272	0.0924149	0.008757	0.0860689	0.10299	534	117.653	262	590	
0.9	1	1	28	12	3	1	54	7	2938	0.0952398	0.0201377	0.0709992	0.116347	419.714	223.414	54	590	
0.9	1	1	29	19	3	8	4720	8	4720	0.000726738	2.08045e-05	0.000695236	0.000749311	590	0	590	590	
0.9	1	1	31	5	3	2	108	2	108	0.00404768	0.00134551	0.00309626	0.0049991	54	0	54	54	
0.9	1	1	32	27	3	2	108	10	4380	0.0937414	0.031998	0.048999	0.132847	438	205.212	54	590	
0.9	1	1	33	42	3	10	5900	12	7080	0.0240543	0.0244421	0.000749295	0.0598636	590	0	590	590	
0.9	1	1	35	29	3	7	2938	20	9832	0.312783	0.0135224	0.291279	0.332239	491.6	154.213	262	590	
0.9	1	1	36	67	3	2	108	2	108	0.00453507	0.00207013	0.00307127	0.00599887	54	0	54	54	
0.9	1	1	37	16	3	17	10030	16	9440	0.35006	2.39952e-06	0.350056	0.350064	590	0	590	590	
0.9	1	1	39	25	3	2	108	2	108	0.00703503	0.00560561	0.00307127	0.0109988	54	0	54	54	
0.9	1	1	40	14	3	2	108	3	698	0.00209509	0.00160801	0.000767683	0.00388316	232.667	309.46	54	590	
0.9	1	1	43	13	3	2	108	2	108	0.00199031	0.0015388	0.000902208	0.00307841	54	0	54	54	
0.9	1	1	44	46	3	1	54	1	54	0.0719986	0	0.0719986	0.0719986	54	0	54	54	
0.9	1	1	45	28	3	32	18880	16	9440	0.35106	2.39952e-06	0.351056	0.351064	590	0	590	590	
0.9	1	1	46	26	3	41	53710	15	19650	0.56822	0.0238025	0.54582	0.593564	1310	0	1310	1310	
0.9	1	1	47	53	3	2	108	2	108	0.000808085	0.000132898	0.000714112	0.000902058	54	0	54	54	
0.9	1	1	48	50	3	2	108	2	108	0.00903485	0.00560534	0.00507127	0.0129984	54	0	54	54	
0.9	1	1	49	61	3	32	18880	0	0	0	0	0	0	0	0	0	0	
0.9	1	1	50	65	3	41	53710	14	18340	0.281361	0.0375258	0.243245	0.319477	1310	0	1310	1310	
0.9	1	1	51	30	3	2	108	2	108	0.00803481	0.00560529	0.00407127	0.0119983	54	0	54	54	
0.9	1	1	52	57	3	2	108	2	108	0.0125348	0.00489813	0.00907127	0.0159983	54	0	54	54	
0.9	1	1	53	22	3	17	10030	16	9440	0.35106	2.39952e-06	0.351056	0.351064	590	0	590	590	
0.9	1	1	55	44	3	1	54	20	9832	0.265613	0.0196983	0.201071	0.287335	491.6	154.213	262	590	
0.9	1	1	56	34	3	2	108	2	108	0.0035347	0.000655381	0.00307127	0.00399812	54	0	54	54	
0.9	1	1	57	59	3	6	3540	5	2950	0.0224463	0.022434	0.000731454	0.0540953	590	0	590	590	
0.9	1	1	58	56	3	41	53710	18	23580	0.0315849	0.0358322	0.00304843	0.0760004	1310	0	1310	1310	
0.9	1	1	59	60	3	2	108	2	108	0.0135347	0.00489797	0.0100713	0.016998	54	0	54	54	
0.9	1	1	60	47	3	1	54	0	0	0	0	0	0	0	0	0	0	
0.9	1	1	61	66	3	32	18880	0	0	0	0	0	0	0	0	0	0	
0.9	1	1	62	32	3	41	53710	15	19650	0.381019	0.0387754	0.340208	0.416952	1310	0	1310	1310	
0.9	1	1	63	10	3	7	2938	0	0	0	0	0	0	0	0	0	0	
