% start	end	CellId	IMSI	RNTI	LCID	nTxPDUs	TxBytes	nRxPDUs	RxBytes	delay	stdDev	min	max	PduSize	stdDev	min	max
0.2	0.3	1	1	63	3	1	58	1	58	0.0119286	0	0.0119286	0.0119286	58	0	58	58	
0.2	0.3	1	3	51	3	1	58	1	58	0.00192144	0	0.00192144	0.00192144	58	0	58	58	
0.2	0.3	1	4	6	3	1	58	1	58	0.0119286	0	0.0119286	0.0119286	58	0	58	58	
0.2	0.3	1	5	52	3	14	904	12	796	0.00184289	0.00017072	0.00148216	0.00200001	66.3333	5.7735	54	70	
0.2	0.3	1	7	33	3	1	58	1	58	0.0119286	0	0.0119286	0.0119286	58	0	58	58	
0.2	0.3	1	8	2	3	1	58	1	58	0.0119286	0	0.0119286	0.0119286	58	0	58	58	
0.2	0.3	1	9	11	3	19	1246	16	1036	0.00185895	0.000205864	0.00150001	0.00210716	64.75	7.8273	54	78	
0.2	0.3	1	11	23	3	1	58	1	58	0.0119286	0	0.0119286	0.0119286	58	0	58	58	
0.2	0.3	1	12	69	3	1	58	1	58	0.00192144	0	0.00192144	0.00192144	58	0	58	58	
0.2	0.3	1	13	58	3	1	58	1	58	0.0119286	0	0.0119286	0.0119286	58	0	58	58	
0.2	0.3	1	15	1	3	1	58	1	58	0.00201787	0	0.00201787	0.00201787	58	0	58	58	
0.2	0.3	1	16	24	3	1	58	1	58	0.00192144	0	0.00192144	0.00192144	58	0	58	58	
0.2	0.3	1	17	45	3	1	58	1	58	0.0119286	0	0.0119286	0.0119286	58	0	58	58	
0.2	0.3	1	19	54	3	1	58	1	58	0.00192144	0	0.00192144	0.00192144	58	0	58	58	
0.2	0.3	1	20	15	3	1	58	1	58	0.00192144	0	0.00192144	0.00192144	58	0	58	58	
0.2	0.3	1	21	64	3	1	58	1	58	0.0119286	0	0.0119286	0.0119286	58	0	58	58	
0.2	0.3	1	23	40	3	1	58	1	58	0.00192144	0	0.00192144	0.00192144	58	0	58	58	
0.2	0.3	1	24	55	3	1	58	1	58	0.0119286	0	0.0119286	0.0119286	58	0	58	58	
0.2	0.3	1	25	68	3	1	58	1	58	0.0119286	0	0.0119286	0.0119286	58	0	58	58	
0.2	0.3	1	27	41	3	1	58	1	58	0.0119286	0	0.0119286	0.0119286	58	0	58	58	
0.2	0.3	1	28	12	3	1	58	1	58	0.0119286	0	0.0119286	0.0119286	58	0	58	58	
0.2	0.3	1	29	19	3	21	1290	21	1290	0.00186736	0.000198121	0.00148215	0.00208929	61.4286	9.31972	54	78	
0.2	0.3	1	31	5	3	1	58	1	58	0.00201787	0	0.00201787	0.00201787	58	0	58	58	
0.2	0.3	1	32	27	3	1	58	1	58	0.0119286	0	0.0119286	0.0119286	58	0	58	58	
0.2	0.3	1	33	42	3	11	662	11	662	0.00236723	0.000332183	0.00192144	0.00265362	60.1818	7.01168	54	70	
0.2	0.3	1	35	29	3	1	58	1	58	0.0119286	0	0.0119286	0.0119286	58	0	58	58	
0.2	0.3	1	36	67	3	1	58	1	58	0.00192144	0	0.00192144	0.00192144	58	0	58	58	
0.2	0.3	1	37	16	3	1	58	1	58	0.0119286	0	0.0119286	0.0119286	58	0	58	58	
0.2	0.3	1	39	25	3	1	58	1	58	0.0119286	0	0.0119286	0.0119286	58	0	58	58	
0.2	0.3	1	40	14	3	1	58	1	58	0.00192144	0	0.00192144	0.00192144	58	0	58	58	
0.2	0.3	1	41	9	3	1	58	1	58	0.0119286	0	0.0119286	0.0119286	58	0	58	58	
0.2	0.3	1	43	13	3	1	58	1	58	0.00192144	0	0.00192144	0.00192144	58	0	58	58	
0.2	0.3	1	44	46	3	1	58	1	58	0.0119286	0	0.0119286	0.0119286	58	0	58	58	
0.2	0.3	1	45	28	3	1	58	1	58	0.0119286	0	0.0119286	0.0119286	58	0	58	58	
0.2	0.3	1	47	53	3	1	58	0	0	0	0	0	0	0	0	0	0	
0.2	0.3	1	48	50	3	1	58	1	58	0.0119286	0	0.0119286	0.0119286	58	0	58	58	
0.2	0.3	1	49	61	3	1	58	1	58	0.0119286	0	0.0119286	0.0119286	58	0	58	58	
0.2	0.3	1	51	30	3	1	58	1	58	0.0119286	0	0.0119286	0.0119286	58	0	58	58	
0.2	0.3	1	52	57	3	1	58	1	58	0.0119286	0	0.0119286	0.0119286	58	0	58	58	
0.2	0.3	1	53	22	3	1	58	1	58	0.0119286	0	0.0119286	0.0119286	58	0	58	58	
0.2	0.3	1	55	44	3	1	58	1	58	0.0119286	0	0.0119286	0.0119286	58	0	58	58	
0.2	0.3	1	56	34	3	1	58	1	58	0.00192144	0	0.00192144	0.00192144	58	0	58	58	
0.2	0.3	1	57	59	3	12	772	12	772	0.00185598	0.00017498	0.00150003	0.00203572	64.3333	6.48541	54	70	
0.2	0.3	1	59	60	3	1	58	1	58	0.0119286	0	0.0119286	0.0119286	58	0	58	58	
0.2	0.3	1	60	47	3	3	174	3	174	0.0119607	5.56733e-05	0.0119286	0.012025	58	0	58	58	
0.2	0.3	1	61	66	3	1	58	1	58	0.0119286	0	0.0119286	0.0119286	58	0	58	58	
0.2	0.3	1	63	10	3	1	58	1	58	0.0119286	0	0.0119286	0.0119286	58	0	58	58	
0.3	0.4	1	1	63	3	6	324	6	324	0.0119286	0	0.0119286	0.0119286	54	0	54	54	
0.3	0.4	1	5	52	3	19	1146	20	1192	0.00303127	0.00307678	0.00188572	0.012	59.6	5.25557	54	70	
0.3	0.4	1	7	33	3	14	756	14	756	0.0119286	0	0.0119286	0.0119286	54	0	54	54	
0.3	0.4	1	8	2	3	2	108	2	108	0.0119286	0	0.0119286	0.0119286	54	0	54	54	
0.3	0.4	1	9	11	3	26	1588	29	1798	0.0030467	0.00335296	0.00163574	0.0127322	62	6.76123	54	70	
0.3	0.4	1	13	58	3	6	324	6	324	0.0119286	0	0.0119286	0.0119286	54	0	54	54	
0.3	0.4	1	15	1	3	7	394	7	394	0.00194338	8.60945e-05	0.00187502	0.00210715	56.2857	3.9036	54	62	
0.3	0.4	1	17	45	3	14	756	14	756	0.0119286	0	0.0119286	0.0119286	54	0	54	54	
0.3	0.4	1	21	64	3	6	324	6	324	0.0119286	0	0.0119286	0.0119286	54	0	54	54	
0.3	0.4	1	25	68	3	6	324	6	324	0.0119286	0	0.0119286	0.0119286	54	0	54	54	
0.3	0.4	1	29	19	3	15	930	13	806	0.00224864	0.000402392	0.00188572	0.00276788	62	8	54	78	
0.3	0.4	1	33	42	3	16	976	16	976	0.00789801	0.0103111	0.00188572	0.0258393	61	6.44981	54	70	
0.3	0.4	1	35	29	3	14	756	14	756	0.0119286	0	0.0119286	0.0119286	54	0	54	54	
0.3	0.4	1	37	16	3	14	756	14	756	0.0119286	0	0.0119286	0.0119286	54	0	54	54	
0.3	0.4	1	40	14	3	8	464	8	464	0.00191608	0.000247575	0.00138573	0.00217859	58	4.27618	54	62	
0.3	0.4	1	41	9	3	14	756	14	756	0.0119286	0	0.0119286	0.0119286	54	0	54	54	
0.3	0.4	1	45	28	3	14	756	14	756	0.0119286	0	0.0119286	0.0119286	54	0	54	54	
0.3	0.4	1	49	61	3	6	324	6	324	0.0119286	0	0.0119286	0.0119286	54	0	54	54	
0.3	0.4	1	53	22	3	14	756	14	756	0.0121429	0.000425815	0.0119286	0.0129286	54	0	54	54	
0.3	0.4	1	57	59	3	16	912	16	912	0.00191252	0.000118952	0.00150002	0.00200001	57	4	54	62	
0.3	0.4	1	60	47	3	3	174	3	174	0.0207072	8e-09	0.0207072	0.0207072	58	0	58	58	
0.3	0.4	1	61	66	3	6	324	6	324	0.0119286	0	0.0119286	0.0119286	54	0	54	54	
0.3	0.4	1	63	10	3	14	756	14	756	0.0121429	0.000425815	0.0119286	0.0129286	54	0	54	54	
0.4	0.5	1	1	63	3	16	864	16	864	0.0119286	0	0.0119286	0.0119286	54	0	54	54	
0.4	0.5	1	5	52	3	17	1038	18	1100	0.0134512	0.0118509	0.00200001	0.0275465	61.1111	5.4112	54	70	
0.4	0.5	1	7	33	3	7	378	7	378	0.0119286	0	0.0119286	0.0119286	54	0	54	54	
0.4	0.5	1	9	11	3	15	914	15	914	0.00182549	0.00018303	0.00148216	0.00203572	60.9333	5.94579	54	70	
0.4	0.5	1	13	58	3	16	864	16	864	0.0119286	0	0.0119286	0.0119286	54	0	54	54	
0.4	0.5	1	15	1	3	41	2630	41	2630	0.00205516	0.00037024	0.00138574	0.00350001	64.1463	7.80244	54	78	
0.4	0.5	1	17	45	3	16	864	16	864	0.0119286	0	0.0119286	0.0119286	54	0	54	54	
0.4	0.5	1	21	64	3	16	864	16	864	0.0119286	0	0.0119286	0.0119286	54	0	54	54	
0.4	0.5	1	25	68	3	16	864	16	864	0.0119286	0	0.0119286	0.0119286	54	0	54	54	
0.4	0.5	1	28	12	3	5	270	3	162	0.0119286	0	0.0119286	0.0119286	54	0	54	54	
0.4	0.5	1	29	19	3	14	852	16	976	0.00204912	0.000206329	0.00188572	0.00266072	61	4	54	70	
0.4	0.5	1	33	42	3	7	386	7	386	0.00207195	0.000303511	0.00188572	0.00275001	55.1429	3.02372	54	62	
0.4	0.5	1	35	29	3	18	972	18	972	0.0119286	0	0.0119286	0.0119286	54	0	54	54	
0.4	0.5	1	37	16	3	16	864	16	864	0.0119286	0	0.0119286	0.0119286	54	0	54	54	
0.4	0.5	1	40	14	3	5	286	5	286	0.00199001	0.000187535	0.00175001	0.00217859	57.2	4.38178	54	62	
0.4	0.5	1	41	9	3	16	864	16	864	0.0119286	0	0.0119286	0.0119286	54	0	54	54	
0.4	0.5	1	45	28	3	16	864	16	864	0.0119286	0	0.0119286	0.0119286	54	0	54	54	
0.4	0.5	1	49	61	3	16	864	16	864	0.0119286	0	0.0119286	0.0119286	54	0	54	54	
0.4	0.5	1	53	22	3	16	864	16	864	0.0119286	0	0.0119286	0.0119286	54	0	54	54	
0.4	0.5	1	57	59	3	12	696	12	696	0.00188156	0.000136865	0.00163574	0.00200001	58	4.17786	54	62	
0.4	0.5	1	61	66	3	16	864	16	864	0.0119286	0	0.0119286	0.0119286	54	0	54	54	
0.4	0.5	1	63	10	3	18	972	18	972	0.0119286	0	0.0119286	0.0119286	54	0	54	54	
0.5	0.6	1	1	63	3	16	864	16	864	0.0119286	0	0.0119286	0.0119286	54	0	54	54	
0.5	0.6	1	5	52	3	13	822	13	822	0.00210963	0.000248164	0.00188572	0.00275001	63.2308	7.18974	54	78	
0.5	0.6	1	7	33	3	2	108	0	0	0	0	0	0	0	0	0	0	
0.5	0.6	1	9	11	3	11	650	11	650	0.00226982	0.000411837	0.00188572	0.00275001	59.0909	4.0362	54	62	
0.5	0.6	1	13	58	3	16	864	16	864	0.0119286	0	0.0119286	0.0119286	54	0	54	54	
0.5	0.6	1	15	1	3	23	1450	23	1450	0.00223838	0.000440527	0.00163577	0.00287505	63.0435	6.95099	54	70	
0.5	0.6	1	17	45	3	16	864	8	432	0.0119286	0	0.0119286	0.0119286	54	0	54	54	
0.5	0.6	1	20	15	3	6	332	6	332	0.00200656	0.000134706	0.00188572	0.00217859	55.3333	3.26599	54	62	
0.5	0.6	1	21	64	3	16	864	16	864	0.0119286	0	0.0119286	0.0119286	54	0	54	54	
0.5	0.6	1	25	68	3	16	864	16	864	0.0119286	0	0.0119286	0.0119286	54	0	54	54	
0.5	0.6	1	28	12	3	1	54	3	162	0.0119286	0	0.0119286	0.0119286	54	0	54	54	
0.5	0.6	1	29	19	3	16	984	15	930	0.00220549	0.000385585	0.0016536	0.00275002	62	6.04743	54	70	
0.5	0.6	1	33	42	3	8	456	8	456	0.00585805	0.00525686	0.00165359	0.0126964	57	4.14039	54	62	
0.5	0.6	1	35	29	3	19	1026	9	486	0.0119286	0	0.0119286	0.0119286	54	0	54	54	
0.5	0.6	1	37	16	3	16	864	16	864	0.0119286	0	0.0119286	0.0119286	54	0	54	54	
0.5	0.6	1	40	14	3	7	410	7	410	0.00239491	0.000362577	0.00195715	0.00273215	58.5714	4.27618	54	62	
0.5	0.6	1	41	9	3	16	864	16	864	0.0119286	0	0.0119286	0.0119286	54	0	54	54	
0.5	0.6	1	44	46	3	3	162	3	162	0.0119286	0	0.0119286	0.0119286	54	0	54	54	
0.5	0.6	1	45	28	3	16	864	8	432	0.0119286	0	0.0119286	0.0119286	54	0	54	54	
0.5	0.6	1	49	61	3	16	864	16	864	0.0119286	0	0.0119286	0.0119286	54	0	54	54	
0.5	0.6	1	53	22	3	16	864	16	864	0.0119286	0	0.0119286	0.0119286	54	0	54	54	
0.5	0.6	1	55	44	3	14	756	5	270	0.00772857	0.00383406	0.00492857	0.0119286	54	0	54	54	
0.5	0.6	1	57	59	3	11	658	10	596	0.00192001	5.52021e-05	0.00188572	0.00200001	59.6	3.86437	54	62	
0.5	0.6	1	61	66	3	16	864	16	864	0.0119286	0	0.0119286	0.0119286	54	0	54	54	
0.5	0.6	1	63	10	3	19	1026	19	1026	0.0119286	0	0.0119286	0.0119286	54	0	54	54	
0.6	0.7	1	1	63	3	8	432	8	432	0.0119286	0	0.0119286	0.0119286	54	0	54	54	
0.6	0.7	1	5	52	3	16	984	15	914	0.00224716	0.000332756	0.00192144	0.00275001	60.9333	5.94579	54	70	
0.6	0.7	1	7	33	3	12	648	14	756	0.0105	0.00284779	0.00492857	0.0119286	54	0	54	54	
0.6	0.7	1	9	11	3	11	642	11	642	0.0116455	0.0112504	0.00192144	0.0271072	58.3636	4.17786	54	62	
0.6	0.7	1	13	58	3	16	864	8	432	0.0119286	0	0.0119286	0.0119286	54	0	54	54	
0.6	0.7	1	15	1	3	11	610	11	610	0.002013	0.000266603	0.00188572	0.00280358	55.4545	3.23616	54	62	
0.6	0.7	1	17	45	3	8	432	16	864	0.0119286	0	0.0119286	0.0119286	54	0	54	54	
0.6	0.7	1	20	15	3	5	278	5	278	0.00196858	4.82745e-05	0.00192144	0.00203572	55.6	3.57771	54	62	
0.6	0.7	1	21	64	3	8	432	8	432	0.0119286	0	0.0119286	0.0119286	54	0	54	54	
0.6	0.7	1	25	68	3	8	432	8	432	0.0119286	0	0.0119286	0.0119286	54	0	54	54	
0.6	0.7	1	28	12	3	6	324	6	324	0.0119286	0	0.0119286	0.0119286	54	0	54	54	
0.6	0.7	1	29	19	3	12	720	13	774	0.0042382	0.00626039	0.00188572	0.0241893	59.5385	3.84308	54	62	
0.6	0.7	1	33	42	3	12	704	12	704	0.0020143	0.000198736	0.00192144	0.00263572	58.6667	5.34846	54	70	
0.6	0.7	1	35	29	3	10	540	20	1080	0.0119286	0	0.0119286	0.0119286	54	0	54	54	
0.6	0.7	1	37	16	3	8	432	8	432	0.0119286	0	0.0119286	0.0119286	54	0	54	54	
0.6	0.7	1	40	14	3	7	410	7	410	0.00201787	0.000272966	0.00190358	0.00263572	58.5714	4.27618	54	62	
0.6	0.7	1	41	9	3	8	432	8	432	0.0119286	0	0.0119286	0.0119286	54	0	54	54	
0.6	0.7	1	44	46	3	3	162	3	162	0.0119286	0	0.0119286	0.0119286	54	0	54	54	
0.6	0.7	1	45	28	3	8	432	16	864	0.0119286	0	0.0119286	0.0119286	54	0	54	54	
0.6	0.7	1	49	61	3	16	864	8	432	0.0119286	0	0.0119286	0.0119286	54	0	54	54	
0.6	0.7	1	53	22	3	8	432	8	432	0.0119286	0	0.0119286	0.0119286	54	0	54	54	
0.6	0.7	1	55	44	3	8	432	17	918	0.0119286	0	0.0119286	0.0119286	54	0	54	54	
0.6	0.7	1	57	59	3	9	526	9	526	0.00664168	0.00908056	0.00188572	0.0226536	58.4444	4.21637	54	62	
0.6	0.7	1	61	66	3	8	432	8	432	0.0119286	0	0.0119286	0.0119286	54	0	54	54	
0.6	0.7	1	63	10	3	10	540	10	540	0.0119286	0	0.0119286	0.0119286	54	0	54	54	
0.7	0.8	1	1	63	3	16	864	16	864	0.0119286	0	0.0119286	0.0119286	54	0	54	54	
0.7	0.8	1	5	52	3	14	836	15	906	0.00197763	3.87568e-05	0.00192858	0.00203572	60.4	5.40899	54	70	
0.7	0.8	1	7	33	3	10	540	10	540	0.0119286	0	0.0119286	0.0119286	54	0	54	54	
0.7	0.8	1	9	11	3	12	704	12	704	0.00208573	0.000262537	0.00192144	0.00263573	58.6667	4.11943	54	62	
0.7	0.8	1	13	58	3	8	432	16	864	0.0119286	0	0.0119286	0.0119286	54	0	54	54	
0.7	0.8	1	15	1	3	12	696	12	696	0.00200834	0.000212296	0.00190358	0.00265358	58	4.17786	54	62	
0.7	0.8	1	16	24	3	3	162	2	108	0.0119286	0	0.0119286	0.0119286	54	0	54	54	
0.7	0.8	1	17	45	3	8	432	8	432	0.0119286	0	0.0119286	0.0119286	54	0	54	54	
0.7	0.8	1	20	15	3	6	340	4	224	0.00227947	0.000414793	0.00198215	0.00287501	56	4	54	62	
0.7	0.8	1	21	64	3	16	864	16	864	0.0119286	0	0.0119286	0.0119286	54	0	54	54	
0.7	0.8	1	23	40	3	6	340	6	340	0.00196668	9.31231e-05	0.00188572	0.0020893	56.6667	4.13118	54	62	
0.7	0.8	1	25	68	3	16	864	16	864	0.0119286	0	0.0119286	0.0119286	54	0	54	54	
0.7	0.8	1	28	12	3	3	162	3	162	0.0119286	0	0.0119286	0.0119286	54	0	54	54	
0.7	0.8	1	29	19	3	6	332	6	332	0.00210299	0.000326822	0.00192144	0.00276786	55.3333	3.26599	54	62	
0.7	0.8	1	32	27	3	3	162	3	162	0.0119286	0	0.0119286	0.0119286	54	0	54	54	
0.7	0.8	1	33	42	3	13	798	13	798	0.00218078	0.00036071	0.00188572	0.00275001	61.3846	6.07644	54	70	
0.7	0.8	1	35	29	3	10	540	10	540	0.0119286	0	0.0119286	0.0119286	54	0	54	54	
0.7	0.8	1	37	16	3	16	864	8	432	0.0119286	0	0.0119286	0.0119286	54	0	54	54	
0.7	0.8	1	40	14	3	4	224	4	224	0.00214644	0.000402732	0.00192144	0.00275001	56	4	54	62	
0.7	0.8	1	41	9	3	16	864	16	864	0.0119286	0	0.0119286	0.0119286	54	0	54	54	
0.7	0.8	1	44	46	3	3	162	3	162	0.0119286	0	0.0119286	0.0119286	54	0	54	54	
0.7	0.8	1	45	28	3	16	864	8	432	0.0119286	0	0.0119286	0.0119286	54	0	54	54	
0.7	0.8	1	49	61	3	8	432	16	864	0.0119286	0	0.0119286	0.0119286	54	0	54	54	
0.7	0.8	1	53	22	3	16	864	8	432	0.0119286	0	0.0119286	0.0119286	54	0	54	54	
0.7	0.8	1	55	44	3	9	486	9	486	0.0119286	0	0.0119286	0.0119286	54	0	54	54	
0.7	0.8	1	57	59	3	7	410	7	410	0.00193725	5.39605e-05	0.00188572	0.00200001	58.5714	4.27618	54	62	
0.7	0.8	1	60	47	3	3	162	2	108	0.0119286	0	0.0119286	0.0119286	54	0	54	54	
0.7	0.8	1	61	66	3	16	864	16	864	0.0119286	0	0.0119286	0.0119286	54	0	54	54	
0.7	0.8	1	63	10	3	19	1026	19	1026	0.0119286	0	0.0119286	0.0119286	54	0	54	54	
0.8	0.9	1	1	63	3	8	432	8	432	0.0119286	0	0.0119286	0.0119286	54	0	54	54	
0.8	0.9	1	5	52	3	11	650	11	650	0.00293313	0.00322062	0.00188572	0.0126429	59.0909	5.3936	54	70	
0.8	0.9	1	7	33	3	10	540	10	540	0.0119286	0	0.0119286	0.0119286	54	0	54	54	
0.8	0.9	1	9	11	3	12	728	11	666	0.00795489	0.00815718	0.00193929	0.0182429	60.5455	4.82418	54	70	
0.8	0.9	1	12	69	3	4	224	4	224	0.00236965	0.000410706	0.00199286	0.00272502	56	4	54	62	
0.8	0.9	1	13	58	3	8	432	8	432	0.0119286	0	0.0119286	0.0119286	54	0	54	54	
0.8	0.9	1	15	1	3	8	472	8	472	0.0020451	0.000242707	0.00171429	0.00246429	59	4.14039	54	62	
0.8	0.9	1	16	24	3	2	108	3	162	0.0119286	0	0.0119286	0.0119286	54	0	54	54	
0.8	0.9	1	17	45	3	8	432	8	432	0.0119286	0	0.0119286	0.0119286	54	0	54	54	
0.8	0.9	1	20	15	3	4	232	6	348	0.00196132	9.4771e-05	0.00188572	0.00214287	58	4.38178	54	62	
0.8	0.9	1	21	64	3	8	432	0	0	0	0	0	0	0	0	0	0	
0.8	0.9	1	23	40	3	36	2328	26	1612	0.00238257	0.000412164	0.00191072	0.00292858	62	6.4	54	78	
0.8	0.9	1	25	68	3	8	432	0	0	0	0	0	0	0	0	0	0	
0.8	0.9	1	27	41	3	5	270	5	270	0.00772857	0.00383406	0.00492857	0.0119286	54	0	54	54	
0.8	0.9	1	28	12	3	5	270	5	270	0.0119286	0	0.0119286	0.0119286	54	0	54	54	
0.8	0.9	1	29	19	3	3	162	3	162	0.00195358	7.1696e-05	0.00190358	0.00203572	54	0	54	54	
0.8	0.9	1	32	27	3	2	108	2	108	0.0119286	0	0.0119286	0.0119286	54	0	54	54	
0.8	0.9	1	33	42	3	9	542	8	480	0.00213349	0.000350139	0.00188572	0.00275001	60	3.70328	54	62	
0.8	0.9	1	35	29	3	9	486	9	486	0.0119286	0	0.0119286	0.0119286	54	0	54	54	
0.8	0.9	1	40	14	3	4	216	4	216	0.00214644	0.000367052	0.00193929	0.00269644	54	0	54	54	
0.8	0.9	1	41	9	3	8	432	8	432	0.0119286	0	0.0119286	0.0119286	54	0	54	54	
0.8	0.9	1	44	46	3	6	324	6	324	0.0119286	0	0.0119286	0.0119286	54	0	54	54	
0.8	0.9	1	49	61	3	8	432	8	432	0.0119286	0	0.0119286	0.0119286	54	0	54	54	
0.8	0.9	1	55	44	3	9	486	9	486	0.0119286	0	0.0119286	0.0119286	54	0	54	54	
0.8	0.9	1	57	59	3	5	286	5	286	0.00236929	0.00043512	0.00188572	0.00275001	57.2	4.38178	54	62	
0.8	0.9	1	60	47	3	2	108	3	162	0.0119286	0	0.0119286	0.0119286	54	0	54	54	
0.8	0.9	1	61	66	3	8	432	0	0	0	0	0	0	0	0	0	0	
0.8	0.9	1	63	10	3	10	540	10	540	0.0119286	0	0.0119286	0.0119286	54	0	54	54	
0.9	1	1	3	51	3	1	54	1	54	0.0119286	0	0.0119286	0.0119286	54	0	54	54	
0.9	1	1	4	6	3	1	54	1	54	0.0119286	0	0.0119286	0.0119286	54	0	54	54	
0.9	1	1	5	52	3	7	434	7	434	0.00209542	0.000291039	0.00191072	0.00275001	62	6.53197	54	70	
0.9	1	1	8	2	3	1	54	1	54	0.0119286	0	0.0119286	0.0119286	54	0	54	54	
0.9	1	1	9	11	3	8	480	8	488	0.0342491	0.0290184	0.00278572	0.0809643	61	2.82843	54	62	
0.9	1	1	11	23	3	1	54	1	54	0.0119286	0	0.0119286	0.0119286	54	0	54	54	
0.9	1	1	12	69	3	1	54	1	54	0.00190358	0	0.00190358	0.00190358	54	0	54	54	
0.9	1	1	13	58	3	8	432	0	0	0	0	0	0	0	0	0	0	
0.9	1	1	15	1	3	7	402	7	402	0.00796175	0.00747919	0.00190358	0.0159572	57.4286	4.27618	54	62	
0.9	1	1	16	24	3	4	216	0	0	0	0	0	0	0	0	0	0	
0.9	1	1	17	45	3	8	432	0	0	0	0	0	0	0	0	0	0	
0.9	1	1	19	54	3	1	54	1	54	0.00190358	0	0.00190358	0.00190358	54	0	54	54	
0.9	1	1	20	15	3	2	108	2	108	0.00230894	0.000462144	0.00198215	0.00263572	54	0	54	54	
0.9	1	1	23	40	3	14	852	24	1568	0.00798039	0.00715455	0.00206429	0.0191964	65.3333	9.70283	54	78	
0.9	1	1	24	55	3	1	54	1	54	0.0119286	0	0.0119286	0.0119286	54	0	54	54	
0.9	1	1	27	41	3	5	270	0	0	0	0	0	0	0	0	0	0	
0.9	1	1	28	12	3	4	216	4	216	0.0119286	0	0.0119286	0.0119286	54	0	54	54	
0.9	1	1	29	19	3	4	216	4	216	0.00202679	1.7857e-05	0.00201787	0.00205358	54	0	54	54	
0.9	1	1	31	5	3	1	54	1	54	0.00190358	0	0.00190358	0.00190358	54	0	54	54	
0.9	1	1	32	27	3	5	270	5	270	0.0119286	0	0.0119286	0.0119286	54	0	54	54	
0.9	1	1	33	42	3	10	612	11	674	0.00290034	0.00327011	0.00150003	0.01275	61.2727	6.64968	54	70	
0.9	1	1	35	29	3	10	540	0	0	0	0	0	0	0	0	0	0	
0.9	1	1	36	67	3	1	54	1	54	0.0119286	0	0.0119286	0.0119286	54	0	54	54	
0.9	1	1	37	16	3	8	432	8	432	0.0119286	0	0.0119286	0.0119286	54	0	54	54	
0.9	1	1	39	25	3	1	54	1	54	0.0119286	0	0.0119286	0.0119286	54	0	54	54	
0.9	1	1	40	14	3	2	108	4	224	0.00223483	0.000361501	0.00190358	0.00275001	56	4	54	62	
0.9	1	1	43	13	3	1	54	1	54	0.00201787	0	0.00201787	0.00201787	54	0	54	54	
0.9	1	1	44	46	3	1	54	1	54	0.0119286	0	0.0119286	0.0119286	54	0	54	54	
0.9	1	1	45	28	3	8	432	8	432	0.0119286	0	0.0119286	0.0119286	54	0	54	54	
0.9	1	1	47	53	3	1	54	1	54	0.00276786	0	0.00276786	0.00276786	54	0	54	54	
0.9	1	1	48	50	3	1	54	1	54	0.0119286	0	0.0119286	0.0119286	54	0	54	54	
0.9	1	1	51	30	3	1	54	1	54	0.0119286	0	0.0119286	0.0119286	54	0	54	54	
0.9	1	1	52	57	3	1	54	1	54	0.0119286	0	0.0119286	0.0119286	54	0	54	54	
0.9	1	1	53	22	3	8	432	8	432	0.0119286	0	0.0119286	0.0119286	54	0	54	54	
0.9	1	1	55	44	3	10	540	0	0	0	0	0	0	0	0	0	0	
0.9	1	1	56	34	3	1	54	1	54	0.0119286	0	0.0119286	0.0119286	54	0	54	54	
0.9	1	1	57	59	3	3	162	3	162	0.00198572	7.1696e-05	0.00190358	0.00203572	54	0	54	54	
0.9	1	1	59	60	3	1	54	1	54	0.0119286	0	0.0119286	0.0119286	54	0	54	54	
