% start	end	CellId	IMSI	RNTI	LCID	nTxPDUs	TxBytes	nRxPDUs	RxBytes	delay	stdDev	min	max	PduSize	stdDev	min	max
0.2	0.3	1	1	63	3	2	64	3	126	0.00157143	0.00272179	0	0.00471429	42	34.641	2	62	
0.2	0.3	1	3	51	3	3	66	1	2	0	0	0	0	2	0	2	2	
0.2	0.3	1	4	6	3	2	64	3	126	0.00157143	0.00272179	0	0.00471429	42	34.641	2	62	
0.2	0.3	1	5	52	3	7	830	1	2	0	0	0	0	2	0	2	2	
0.2	0.3	1	7	33	3	2	64	3	126	0.00157143	0.00272179	0	0.00471429	42	34.641	2	62	
0.2	0.3	1	8	2	3	2	64	3	126	0.00157143	0.00272179	0	0.00471429	42	34.641	2	62	
0.2	0.3	4	9	2	3	14	1094	2	4	0	0	0	0	2	0	2	2	
0.2	0.3	1	11	23	3	2	64	3	126	0.00157143	0.00272179	0	0.00471429	42	34.641	2	62	
0.2	0.3	2	12	18	3	3	66	1	2	0	0	0	0	2	0	2	2	
0.2	0.3	1	13	58	3	2	64	3	126	0.00157143	0.00272179	0	0.00471429	42	34.641	2	62	
0.2	0.3	1	15	1	3	3	66	1	2	0	0	0	0	2	0	2	2	
0.2	0.3	1	16	24	3	3	66	2	4	0	0	0	0	2	0	2	2	
0.2	0.3	1	17	45	3	2	64	3	126	0.00157143	0.00272179	0	0.00471429	42	34.641	2	62	
0.2	0.3	1	19	54	3	3	66	1	2	0	0	0	0	2	0	2	2	
0.2	0.3	1	20	15	3	3	66	2	4	0	0	0	0	2	0	2	2	
0.2	0.3	1	21	64	3	2	64	3	126	0.00157143	0.00272179	0	0.00471429	42	34.641	2	62	
0.2	0.3	1	23	40	3	3	66	2	4	0	0	0	0	2	0	2	2	
0.2	0.3	1	24	55	3	2	64	3	126	0.00157143	0.00272179	0	0.00471429	42	34.641	2	62	
0.2	0.3	1	25	68	3	2	64	3	126	0.00157143	0.00272179	0	0.00471429	42	34.641	2	62	
0.2	0.3	1	27	41	3	2	64	3	126	0.00157143	0.00272179	0	0.00471429	42	34.641	2	62	
0.2	0.3	1	28	12	3	2	64	3	126	0.00157143	0.00272179	0	0.00471429	42	34.641	2	62	
0.2	0.3	1	29	2	3	18	1367	2	4	0	0	0	0	2	0	2	2	
0.2	0.3	1	31	5	3	3	66	1	2	0	0	0	0	2	0	2	2	
0.2	0.3	1	32	27	3	2	64	3	126	0.00157143	0.00272179	0	0.00471429	42	34.641	2	62	
0.2	0.3	1	33	18	3	9	702	2	4	0	0	0	0	2	0	2	2	
0.2	0.3	1	35	29	3	2	64	3	126	0.00157143	0.00272179	0	0.00471429	42	34.641	2	62	
0.2	0.3	2	36	47	3	3	66	1	2	0	0	0	0	2	0	2	2	
0.2	0.3	1	37	16	3	2	64	3	126	0.00157143	0.00272179	0	0.00471429	42	34.641	2	62	
0.2	0.3	1	39	25	3	2	64	3	126	0.00157143	0.00272179	0	0.00471429	42	34.641	2	62	
0.2	0.3	3	40	4	3	3	66	1	2	0	0	0	0	2	0	2	2	
0.2	0.3	1	41	9	3	2	64	3	126	0.00157143	0.00272179	0	0.00471429	42	34.641	2	62	
0.2	0.3	5	43	6	3	1	62	0	0	0	0	0	0	0	0	0	0	
0.2	0.3	1	44	46	3	2	64	3	126	0.00157143	0.00272179	0	0.00471429	42	34.641	2	62	
0.2	0.3	1	47	53	3	2	64	1	2	0	0	0	0	2	0	2	2	
0.2	0.3	1	48	50	3	2	64	3	126	0.00157143	0.00272179	0	0.00471429	42	34.641	2	62	
0.2	0.3	1	49	61	3	2	64	3	126	0.00157143	0.00272179	0	0.00471429	42	34.641	2	62	
0.2	0.3	1	51	30	3	2	64	3	126	0.00157143	0.00272179	0	0.00471429	42	34.641	2	62	
0.2	0.3	1	52	57	3	2	64	3	126	0.00157143	0.00272179	0	0.00471429	42	34.641	2	62	
0.2	0.3	1	53	22	3	2	64	3	126	0.00157143	0.00272179	0	0.00471429	42	34.641	2	62	
0.2	0.3	1	55	44	3	2	64	3	126	0.00157143	0.00272179	0	0.00471429	42	34.641	2	62	
0.2	0.3	2	56	15	3	3	66	1	2	0	0	0	0	2	0	2	2	
0.2	0.3	5	57	8	3	7	809	0	0	0	0	0	0	0	0	0	0	
0.2	0.3	1	59	60	3	2	64	3	126	0.00157143	0.00272179	0	0.00471429	42	34.641	2	62	
0.2	0.3	1	60	47	3	3	186	3	186	0.00314286	0.00272179	0	0.00471429	62	60	2	122	
0.2	0.3	1	61	66	3	2	64	3	126	0.00157143	0.00272179	0	0.00471429	42	34.641	2	62	
0.2	0.3	1	63	10	3	2	64	3	126	0.00157143	0.00272179	0	0.00471429	42	34.641	2	62	
0.3	0.4	1	1	63	3	4	402	5	464	0.00188571	0.00258212	0	0.00471429	92.8	139.224	2	336	
0.3	0.4	1	3	51	3	3	66	2	4	0	0	0	0	2	0	2	2	
0.3	0.4	1	4	6	3	3	66	4	128	0.00117857	0.00235714	0	0.00471429	32	34.641	2	62	
0.3	0.4	2	5	2	3	26	2160	5	10	0	0	0	0	2	0	2	2	
0.3	0.4	1	6	49	3	6	12	1	2	0	0	0	0	2	0	2	2	
0.3	0.4	1	7	33	3	6	851	7	913	0.00202041	0.00251989	0	0.00471429	130.429	183.177	2	447	
0.3	0.4	1	8	2	3	4	180	5	242	0.00188571	0.00258212	0	0.00471429	48.4	47.3793	2	114	
0.3	0.4	4	9	2	3	29	2971	5	10	0	0	0	0	2	0	2	2	
0.3	0.4	1	11	23	3	3	66	4	128	0.00117857	0.00235714	0	0.00471429	32	34.641	2	62	
0.3	0.4	2	12	18	3	3	66	1	2	0	0	0	0	2	0	2	2	
0.3	0.4	1	13	58	3	4	402	5	464	0.00188571	0.00258212	0	0.00471429	92.8	139.224	2	336	
0.3	0.4	4	15	4	3	12	494	2	4	0	0	0	0	2	0	2	2	
0.3	0.4	1	16	24	3	3	66	2	4	0	0	0	0	2	0	2	2	
0.3	0.4	1	17	45	3	6	851	7	913	0.00202041	0.00251989	0	0.00471429	130.429	183.177	2	447	
0.3	0.4	1	19	54	3	3	66	2	4	0	0	0	0	2	0	2	2	
0.3	0.4	1	20	15	3	3	66	2	4	0	0	0	0	2	0	2	2	
0.3	0.4	1	21	64	3	4	402	5	464	0.00188571	0.00258212	0	0.00471429	92.8	139.224	2	336	
0.3	0.4	1	23	40	3	3	66	2	4	0	0	0	0	2	0	2	2	
0.3	0.4	1	24	55	3	3	66	4	128	0.00117857	0.00235714	0	0.00471429	32	34.641	2	62	
0.3	0.4	1	25	68	3	4	402	5	464	0.00188571	0.00258212	0	0.00471429	92.8	139.224	2	336	
0.3	0.4	1	26	4	3	1	2	1	2	0	0	0	0	2	0	2	2	
0.3	0.4	1	27	41	3	3	66	4	128	0.00117857	0.00235714	0	0.00471429	32	34.641	2	62	
0.3	0.4	1	28	12	3	3	66	4	128	0.00117857	0.00235714	0	0.00471429	32	34.641	2	62	
0.3	0.4	3	29	2	3	37	2363	5	10	0	0	0	0	2	0	2	2	
0.3	0.4	1	31	5	3	3	66	1	2	0	0	0	0	2	0	2	2	
0.3	0.4	1	32	27	3	3	66	4	128	0.00117857	0.00235714	0	0.00471429	32	34.641	2	62	
0.3	0.4	5	33	18	3	23	1736	4	8	0	0	0	0	2	0	2	2	
0.3	0.4	1	35	29	3	6	851	7	913	0.00202041	0.00251989	0	0.00471429	130.429	183.177	2	447	
0.3	0.4	2	36	47	3	3	66	1	2	0	0	0	0	2	0	2	2	
0.3	0.4	1	37	16	3	6	851	7	913	0.00202041	0.00251989	0	0.00471429	130.429	183.177	2	447	
0.3	0.4	1	39	25	3	3	66	4	128	0.00117857	0.00235714	0	0.00471429	32	34.641	2	62	
0.3	0.4	1	40	14	3	15	572	3	6	0	0	0	0	2	0	2	2	
0.3	0.4	1	41	9	3	6	851	7	913	0.00202041	0.00251989	0	0.00471429	130.429	183.177	2	447	
0.3	0.4	5	43	6	3	1	62	0	0	0	0	0	0	0	0	0	0	
0.3	0.4	1	44	46	3	3	66	4	128	0.00117857	0.00235714	0	0.00471429	32	34.641	2	62	
0.3	0.4	1	46	26	3	1	2	1	2	0	0	0	0	2	0	2	2	
0.3	0.4	1	47	53	3	2	64	1	2	0	0	0	0	2	0	2	2	
0.3	0.4	1	48	50	3	3	66	4	128	0.00117857	0.00235714	0	0.00471429	32	34.641	2	62	
0.3	0.4	1	49	61	3	4	402	5	464	0.00188571	0.00258212	0	0.00471429	92.8	139.224	2	336	
0.3	0.4	1	51	30	3	3	66	4	128	0.00117857	0.00235714	0	0.00471429	32	34.641	2	62	
0.3	0.4	1	52	57	3	3	66	4	128	0.00117857	0.00235714	0	0.00471429	32	34.641	2	62	
0.3	0.4	1	53	22	3	7	853	8	915	0.00235714	0.00251989	0	0.00471429	114.375	151.175	2	447	
0.3	0.4	1	55	44	3	3	66	4	128	0.00117857	0.00235714	0	0.00471429	32	34.641	2	62	
0.3	0.4	2	56	15	3	3	66	1	2	0	0	0	0	2	0	2	2	
0.3	0.4	5	57	8	3	18	1773	0	0	0	0	0	0	0	0	0	0	
0.3	0.4	1	59	60	3	3	66	4	128	0.00117857	0.00235714	0	0.00471429	32	34.641	2	62	
0.3	0.4	2	60	17	3	4	367	3	186	0.00314286	0.00272179	0	0.00471429	62	60	2	122	
0.3	0.4	1	61	66	3	4	402	5	464	0.00188571	0.00258212	0	0.00471429	92.8	139.224	2	336	
0.3	0.4	1	63	10	3	7	853	8	915	0.00235714	0.00251989	0	0.00471429	114.375	151.175	2	447	
0.4	0.5	1	1	63	3	8	1300	9	1362	0.00209524	0.00248465	0	0.00471429	151.333	198.148	2	447	
0.4	0.5	1	3	51	3	3	66	2	4	0	0	0	0	2	0	2	2	
0.4	0.5	1	4	6	3	3	66	4	128	0.00117857	0.00235714	0	0.00471429	32	34.641	2	62	
0.4	0.5	1	5	2	3	39	3253	8	16	0	0	0	0	2	0	2	2	
0.4	0.5	2	6	49	3	18	36	5	10	0	0	0	0	2	0	2	2	
0.4	0.5	1	7	33	3	8	1244	9	1306	0.00209524	0.00248465	0	0.00471429	145.111	188.34	2	447	
0.4	0.5	1	8	2	3	4	180	5	242	0.00188571	0.00258212	0	0.00471429	48.4	47.3793	2	114	
0.4	0.5	4	9	2	3	43	3941	9	18	0	0	0	0	2	0	2	2	
0.4	0.5	1	11	23	3	3	66	4	128	0.00117857	0.00235714	0	0.00471429	32	34.641	2	62	
0.4	0.5	2	12	18	3	3	66	1	2	0	0	0	0	2	0	2	2	
0.4	0.5	1	13	58	3	8	1300	9	1362	0.00209524	0.00248465	0	0.00471429	151.333	198.148	2	447	
0.4	0.5	4	15	4	3	37	3246	5	10	0	0	0	0	2	0	2	2	
0.4	0.5	1	16	24	3	3	66	2	4	0	0	0	0	2	0	2	2	
0.4	0.5	1	17	45	3	10	1749	11	1811	0.00214286	0.00246196	0	0.00471429	164.636	205.396	2	447	
0.4	0.5	3	18	1	3	5	10	1	2	0	0	0	0	2	0	2	2	
0.4	0.5	1	19	54	3	3	66	2	4	0	0	0	0	2	0	2	2	
0.4	0.5	1	20	15	3	3	66	2	4	0	0	0	0	2	0	2	2	
0.4	0.5	1	21	64	3	8	1300	9	1362	0.00209524	0.00248465	0	0.00471429	151.333	198.148	2	447	
0.4	0.5	1	23	40	3	3	66	2	4	0	0	0	0	2	0	2	2	
0.4	0.5	1	24	55	3	3	66	4	128	0.00117857	0.00235714	0	0.00471429	32	34.641	2	62	
0.4	0.5	1	25	68	3	8	1300	9	1362	0.00209524	0.00248465	0	0.00471429	151.333	198.148	2	447	
0.4	0.5	1	26	4	3	5	10	5	10	0	0	0	0	2	0	2	2	
0.4	0.5	1	27	41	3	3	66	4	128	0.00117857	0.00235714	0	0.00471429	32	34.641	2	62	
0.4	0.5	1	28	12	3	7	242	8	304	0.00176786	0.00243987	0	0.00471429	38	42.278	2	114	
0.4	0.5	1	29	19	3	50	3267	9	18	0	0	0	0	2	0	2	2	
0.4	0.5	1	31	5	3	3	66	1	2	0	0	0	0	2	0	2	2	
0.4	0.5	1	32	27	3	3	66	4	128	0.00117857	0.00235714	0	0.00471429	32	34.641	2	62	
0.4	0.5	5	33	18	3	39	2168	8	16	0	0	0	0	2	0	2	2	
0.4	0.5	1	35	29	3	10	1859	11	1921	0.00214286	0.00246196	0	0.00471429	174.636	221.121	2	502	
0.4	0.5	2	36	47	3	3	66	1	2	0	0	0	0	2	0	2	2	
0.4	0.5	1	37	16	3	10	1749	11	1811	0.00214286	0.00246196	0	0.00471429	164.636	205.396	2	447	
0.4	0.5	1	39	25	3	3	66	4	128	0.00117857	0.00235714	0	0.00471429	32	34.641	2	62	
0.4	0.5	1	40	14	3	24	888	5	10	0	0	0	0	2	0	2	2	
0.4	0.5	1	41	9	3	10	1749	11	1811	0.00214286	0.00246196	0	0.00471429	164.636	205.396	2	447	
0.4	0.5	5	43	6	3	1	62	0	0	0	0	0	0	0	0	0	0	
0.4	0.5	1	44	46	3	3	66	4	128	0.00117857	0.00235714	0	0.00471429	32	34.641	2	62	
0.4	0.5	1	46	26	3	5	10	5	10	0	0	0	0	2	0	2	2	
0.4	0.5	1	47	53	3	2	64	1	2	0	0	0	0	2	0	2	2	
0.4	0.5	1	48	50	3	3	66	4	128	0.00117857	0.00235714	0	0.00471429	32	34.641	2	62	
0.4	0.5	1	49	61	3	8	1300	9	1362	0.00209524	0.00248465	0	0.00471429	151.333	198.148	2	447	
0.4	0.5	1	51	30	3	3	66	4	128	0.00117857	0.00235714	0	0.00471429	32	34.641	2	62	
0.4	0.5	1	52	57	3	3	66	4	128	0.00117857	0.00235714	0	0.00471429	32	34.641	2	62	
0.4	0.5	1	53	22	3	11	1751	12	1813	0.00235714	0.00246196	0	0.00471429	151.083	188.377	2	447	
0.4	0.5	1	55	44	3	3	66	4	128	0.00117857	0.00235714	0	0.00471429	32	34.641	2	62	
0.4	0.5	2	56	15	3	3	66	1	2	0	0	0	0	2	0	2	2	
0.4	0.5	5	57	8	3	31	2517	0	0	0	0	0	0	0	0	0	0	
0.4	0.5	1	59	60	3	3	66	4	128	0.00117857	0.00235714	0	0.00471429	32	34.641	2	62	
0.4	0.5	2	60	17	3	4	367	3	186	0.00314286	0.00272179	0	0.00471429	62	60	2	122	
0.4	0.5	1	61	66	3	8	1300	9	1362	0.00209524	0.00248465	0	0.00471429	151.333	198.148	2	447	
0.4	0.5	1	63	10	3	11	1862	12	1924	0.00235714	0.00246196	0	0.00471429	160.333	206.118	2	558	
0.5	0.6	1	1	63	3	12	2198	13	2260	0.00217582	0.00244612	0	0.00471429	173.846	209.553	2	447	
0.5	0.6	1	3	51	3	3	66	2	4	0	0	0	0	2	0	2	2	
0.5	0.6	1	4	6	3	3	66	4	128	0.00117857	0.00235714	0	0.00471429	32	34.641	2	62	
0.5	0.6	2	5	2	3	52	4127	11	22	0	0	0	0	2	0	2	2	
0.5	0.6	1	6	3	3	31	62	9	18	0	0	0	0	2	0	2	2	
0.5	0.6	1	7	33	3	8	1244	9	1306	0.00209524	0.00248465	0	0.00471429	145.111	188.34	2	447	
0.5	0.6	1	8	2	3	4	180	5	242	0.00188571	0.00258212	0	0.00471429	48.4	47.3793	2	114	
0.5	0.6	1	9	11	3	56	4638	13	26	0	0	0	0	2	0	2	2	
0.5	0.6	1	11	23	3	3	66	4	128	0.00117857	0.00235714	0	0.00471429	32	34.641	2	62	
0.5	0.6	2	12	18	3	3	66	1	2	0	0	0	0	2	0	2	2	
0.5	0.6	1	13	58	3	12	2198	13	2260	0.00217582	0.00244612	0	0.00471429	173.846	209.553	2	447	
0.5	0.6	1	15	1	3	52	4766	9	18	0	0	0	0	2	0	2	2	
0.5	0.6	1	16	24	3	3	66	2	4	0	0	0	0	2	0	2	2	
0.5	0.6	1	17	45	3	14	2647	13	2260	0.00217582	0.00244612	0	0.00471429	173.846	209.553	2	447	
0.5	0.6	1	18	7	3	15	32	5	10	0	0	0	0	2	0	2	2	
0.5	0.6	1	19	54	3	3	66	2	4	0	0	0	0	2	0	2	2	
0.5	0.6	2	20	7	3	14	434	3	6	0	0	0	0	2	0	2	2	
0.5	0.6	1	21	64	3	12	2198	13	2260	0.00217582	0.00244612	0	0.00471429	173.846	209.553	2	447	
0.5	0.6	1	23	40	3	3	66	2	4	0	0	0	0	2	0	2	2	
0.5	0.6	1	24	55	3	3	66	4	128	0.00117857	0.00235714	0	0.00471429	32	34.641	2	62	
0.5	0.6	1	25	68	3	12	2198	13	2260	0.00217582	0.00244612	0	0.00471429	173.846	209.553	2	447	
0.5	0.6	1	26	4	3	8	16	8	16	0	0	0	0	2	0	2	2	
0.5	0.6	1	27	41	3	3	66	4	128	0.00117857	0.00235714	0	0.00471429	32	34.641	2	62	
0.5	0.6	1	28	12	3	11	418	12	480	0.00196429	0.00242752	0	0.00471429	40	43.9338	2	114	
0.5	0.6	3	29	2	3	67	4259	12	24	0	0	0	0	2	0	2	2	
0.5	0.6	1	31	5	3	3	66	1	2	0	0	0	0	2	0	2	2	
0.5	0.6	1	32	27	3	3	66	4	128	0.00117857	0.00235714	0	0.00471429	32	34.641	2	62	
0.5	0.6	1	33	42	3	52	2668	12	24	0	0	0	0	2	0	2	2	
0.5	0.6	1	35	29	3	14	2923	13	2425	0.00217582	0.00244612	0	0.00471429	186.538	228.048	2	502	
0.5	0.6	2	36	47	3	3	66	1	2	0	0	0	0	2	0	2	2	
0.5	0.6	1	37	16	3	14	2647	15	2709	0.0022	0.00243445	0	0.00471429	180.6	212.201	2	447	
0.5	0.6	1	39	25	3	3	66	4	128	0.00117857	0.00235714	0	0.00471429	32	34.641	2	62	
0.5	0.6	3	40	4	3	34	1332	8	16	0	0	0	0	2	0	2	2	
0.5	0.6	1	41	9	3	14	2647	15	2709	0.0022	0.00243445	0	0.00471429	180.6	212.201	2	447	
0.5	0.6	5	43	6	3	1	62	0	0	0	0	0	0	0	0	0	0	
0.5	0.6	1	44	46	3	7	242	8	304	0.00176786	0.00243987	0	0.00471429	38	42.278	2	114	
0.5	0.6	1	46	26	3	8	16	8	16	0	0	0	0	2	0	2	2	
0.5	0.6	1	47	53	3	2	64	1	2	0	0	0	0	2	0	2	2	
0.5	0.6	1	48	50	3	3	66	4	128	0.00117857	0.00235714	0	0.00471429	32	34.641	2	62	
0.5	0.6	1	49	61	3	12	2198	13	2260	0.00217582	0.00244612	0	0.00471429	173.846	209.553	2	447	
0.5	0.6	1	51	30	3	3	66	4	128	0.00117857	0.00235714	0	0.00471429	32	34.641	2	62	
0.5	0.6	1	52	57	3	3	66	4	128	0.00117857	0.00235714	0	0.00471429	32	34.641	2	62	
0.5	0.6	1	53	22	3	15	2649	16	2711	0.00235714	0.00243445	0	0.00471429	169.437	200.755	2	447	
0.5	0.6	1	55	44	3	9	857	9	529	0.00157143	0.00235714	0	0.00471429	58.7778	62.4135	2	169	
0.5	0.6	2	56	15	3	3	66	1	2	0	0	0	0	2	0	2	2	
0.5	0.6	5	57	8	3	42	3217	0	0	0	0	0	0	0	0	0	0	
0.5	0.6	1	59	60	3	3	66	4	128	0.00117857	0.00235714	0	0.00471429	32	34.641	2	62	
0.5	0.6	2	60	17	3	4	367	3	186	0.00314286	0.00272179	0	0.00471429	62	60	2	122	
0.5	0.6	1	61	66	3	12	2198	13	2260	0.00217582	0.00244612	0	0.00471429	173.846	209.553	2	447	
0.5	0.6	1	62	32	3	2	4	2	4	0	0	0	0	2	0	2	2	
0.5	0.6	1	63	10	3	15	2926	16	2988	0.00235714	0.00243445	0	0.00471429	186.75	228.207	2	558	
0.6	0.7	1	1	63	3	14	2647	15	2709	0.0022	0.00243445	0	0.00471429	180.6	212.201	2	447	
0.6	0.7	1	3	51	3	3	66	2	4	0	0	0	0	2	0	2	2	
0.6	0.7	1	4	6	3	3	66	4	128	0.00117857	0.00235714	0	0.00471429	32	34.641	2	62	
0.6	0.7	2	5	2	3	65	5166	14	28	0	0	0	0	2	0	2	2	
0.6	0.7	1	6	3	3	43	86	12	24	0	0	0	0	2	0	2	2	
0.6	0.7	1	7	33	3	14	2035	15	2097	0.0022	0.00243445	0	0.00471429	139.8	183.945	2	502	
0.6	0.7	1	8	2	3	4	180	5	242	0.00188571	0.00258212	0	0.00471429	48.4	47.3793	2	114	
0.6	0.7	1	9	11	3	69	5326	15	30	0	0	0	0	2	0	2	2	
0.6	0.7	1	11	23	3	3	66	4	128	0.00117857	0.00235714	0	0.00471429	32	34.641	2	62	
0.6	0.7	2	12	18	3	3	66	1	2	0	0	0	0	2	0	2	2	
0.6	0.7	1	13	58	3	14	2647	15	2709	0.0022	0.00243445	0	0.00471429	180.6	212.201	2	447	
0.6	0.7	1	15	1	3	68	5430	12	24	0	0	0	0	2	0	2	2	
0.6	0.7	1	16	24	3	3	66	2	4	0	0	0	0	2	0	2	2	
0.6	0.7	1	17	45	3	16	3096	18	3605	0.00209524	0.00241046	0	0.00471429	200.278	216.561	2	447	
0.6	0.7	1	18	7	3	19	40	8	16	0	0	0	0	2	0	2	2	
0.6	0.7	1	19	54	3	3	66	2	4	0	0	0	0	2	0	2	2	
0.6	0.7	2	20	7	3	23	740	5	10	0	0	0	0	2	0	2	2	
0.6	0.7	1	21	64	3	14	2647	15	2709	0.0022	0.00243445	0	0.00471429	180.6	212.201	2	447	
0.6	0.7	1	23	40	3	3	66	2	4	0	0	0	0	2	0	2	2	
0.6	0.7	1	24	55	3	3	66	4	128	0.00117857	0.00235714	0	0.00471429	32	34.641	2	62	
0.6	0.7	1	25	68	3	14	2647	15	2709	0.0022	0.00243445	0	0.00471429	180.6	212.201	2	447	
0.6	0.7	1	26	4	3	11	22	11	22	0	0	0	0	2	0	2	2	
0.6	0.7	1	27	41	3	3	66	4	128	0.00117857	0.00235714	0	0.00471429	32	34.641	2	62	
0.6	0.7	1	28	12	3	15	760	16	822	0.0020625	0.00241535	0	0.00471429	51.375	60.7354	2	169	
0.6	0.7	3	29	2	3	84	5093	15	30	0	0	0	0	2	0	2	2	
0.6	0.7	1	31	5	3	3	66	1	2	0	0	0	0	2	0	2	2	
0.6	0.7	1	32	27	3	3	66	4	128	0.00117857	0.00235714	0	0.00471429	32	34.641	2	62	
0.6	0.7	1	33	42	3	67	3425	15	30	0	0	0	0	2	0	2	2	
0.6	0.7	1	34	8	3	1	2	1	2	0	0	0	0	2	0	2	2	
0.6	0.7	1	35	29	3	16	3483	18	4103	0.00209524	0.00241046	0	0.00471429	227.944	251.498	2	558	
0.6	0.7	2	36	47	3	3	66	1	2	0	0	0	0	2	0	2	2	
0.6	0.7	1	37	16	3	16	3096	17	3158	0.00221849	0.00242548	0	0.00471429	185.765	214.013	2	447	
0.6	0.7	1	39	25	3	3	66	4	128	0.00117857	0.00235714	0	0.00471429	32	34.641	2	62	
0.6	0.7	3	40	4	3	45	1778	11	22	0	0	0	0	2	0	2	2	
0.6	0.7	1	41	9	3	16	3096	17	3158	0.00221849	0.00242548	0	0.00471429	185.765	214.013	2	447	
0.6	0.7	5	43	6	3	1	62	0	0	0	0	0	0	0	0	0	0	
0.6	0.7	1	44	46	3	11	418	12	480	0.00196429	0.00242752	0	0.00471429	40	43.9338	2	114	
0.6	0.7	1	46	26	3	11	22	11	22	0	0	0	0	2	0	2	2	
0.6	0.7	1	47	53	3	2	64	1	2	0	0	0	0	2	0	2	2	
0.6	0.7	1	48	50	3	3	66	4	128	0.00117857	0.00235714	0	0.00471429	32	34.641	2	62	
0.6	0.7	1	49	61	3	14	2647	15	2709	0.0022	0.00243445	0	0.00471429	180.6	212.201	2	447	
0.6	0.7	1	50	19	3	8	16	2	4	0	0	0	0	2	0	2	2	
0.6	0.7	1	51	30	3	3	66	4	128	0.00117857	0.00235714	0	0.00471429	32	34.641	2	62	
0.6	0.7	1	52	57	3	3	66	4	128	0.00117857	0.00235714	0	0.00471429	32	34.641	2	62	
0.6	0.7	1	53	22	3	17	3098	18	3160	0.00235714	0.00242548	0	0.00471429	175.556	204.212	2	447	
0.6	0.7	1	55	44	3	11	1306	14	1929	0.00168367	0.00234416	0	0.00471429	137.786	185.659	2	502	
0.6	0.7	2	56	15	3	3	66	1	2	0	0	0	0	2	0	2	2	
0.6	0.7	5	57	8	3	55	3787	0	0	0	0	0	0	0	0	0	0	
0.6	0.7	1	59	60	3	3	66	4	128	0.00117857	0.00235714	0	0.00471429	32	34.641	2	62	
0.6	0.7	2	60	17	3	4	367	3	186	0.00314286	0.00272179	0	0.00471429	62	60	2	122	
0.6	0.7	1	61	66	3	14	2647	15	2709	0.0022	0.00243445	0	0.00471429	180.6	212.201	2	447	
0.6	0.7	1	62	32	3	5	10	5	10	0	0	0	0	2	0	2	2	
0.6	0.7	1	63	10	3	17	3486	18	3548	0.00235714	0.00242548	0	0.00471429	197.111	236.544	2	558	
0.7	0.8	1	1	63	3	18	3545	19	3607	0.00223308	0.00241838	0	0.00471429	189.842	215.319	2	447	
0.7	0.8	1	3	51	3	3	66	2	4	0	0	0	0	2	0	2	2	
0.7	0.8	1	4	6	3	3	66	4	128	0.00117857	0.00235714	0	0.00471429	32	34.641	2	62	
0.7	0.8	2	5	2	3	81	6060	17	34	0	0	0	0	2	0	2	2	
0.7	0.8	1	6	3	3	55	110	15	30	0	0	0	0	2	0	2	2	
0.7	0.8	1	7	33	3	16	2595	18	3215	0.00209524	0.00241046	0	0.00471429	178.611	219.003	2	558	
0.7	0.8	1	8	2	3	4	180	5	242	0.00188571	0.00258212	0	0.00471429	48.4	47.3793	2	114	
0.7	0.8	4	9	2	3	83	6081	18	36	0	0	0	0	2	0	2	2	
0.7	0.8	1	11	23	3	3	66	4	128	0.00117857	0.00235714	0	0.00471429	32	34.641	2	62	
0.7	0.8	2	12	18	3	3	66	1	2	0	0	0	0	2	0	2	2	
0.7	0.8	1	13	58	3	18	3545	19	3607	0.00223308	0.00241838	0	0.00471429	189.842	215.319	2	447	
0.7	0.8	1	15	1	3	84	6181	15	30	0	0	0	0	2	0	2	2	
0.7	0.8	1	16	24	3	7	242	4	120	0.00117857	0.00235714	0	0.00471429	30	56	2	114	
0.7	0.8	1	17	45	3	18	3545	21	4501	0.00202041	0.00239058	0	0.00471429	214.333	218.425	2	447	
0.7	0.8	1	18	7	3	29	60	11	22	0	0	0	0	2	0	2	2	
0.7	0.8	1	19	54	3	3	66	2	4	0	0	0	0	2	0	2	2	
0.7	0.8	2	20	7	3	34	1114	7	14	0	0	0	0	2	0	2	2	
0.7	0.8	1	21	64	3	18	3545	19	3607	0.00223308	0.00241838	0	0.00471429	189.842	215.319	2	447	
0.7	0.8	5	23	2	3	13	440	3	6	0	0	0	0	2	0	2	2	
0.7	0.8	1	24	55	3	3	66	4	128	0.00117857	0.00235714	0	0.00471429	32	34.641	2	62	
0.7	0.8	1	25	68	3	18	3545	19	3607	0.00223308	0.00241838	0	0.00471429	189.842	215.319	2	447	
0.7	0.8	1	26	4	3	14	28	14	28	0	0	0	0	2	0	2	2	
0.7	0.8	1	27	41	3	3	66	4	128	0.00117857	0.00235714	0	0.00471429	32	34.641	2	62	
0.7	0.8	1	28	12	3	17	931	19	1162	0.00198496	0.00239136	0	0.00471429	61.1579	68.1593	2	169	
0.7	0.8	3	29	2	3	97	5463	18	36	0	0	0	0	2	0	2	2	
0.7	0.8	1	31	5	3	3	66	1	2	0	0	0	0	2	0	2	2	
0.7	0.8	1	32	27	3	7	242	8	304	0.00176786	0.00243987	0	0.00471429	38	42.278	2	114	
0.7	0.8	1	33	42	3	85	4285	18	36	0	0	0	0	2	0	2	2	
0.7	0.8	1	34	8	3	3	6	3	6	0	0	0	0	2	0	2	2	
0.7	0.8	1	35	29	3	18	4043	21	5221	0.00202041	0.00239058	0	0.00471429	248.619	258.382	2	558	
0.7	0.8	2	36	47	3	3	66	1	2	0	0	0	0	2	0	2	2	
0.7	0.8	1	37	16	3	20	3994	19	3607	0.00223308	0.00241838	0	0.00471429	189.842	215.319	2	447	
0.7	0.8	1	39	25	3	3	66	4	128	0.00117857	0.00235714	0	0.00471429	32	34.641	2	62	
0.7	0.8	1	40	14	3	52	2024	14	28	0	0	0	0	2	0	2	2	
0.7	0.8	1	41	9	3	20	3994	21	4056	0.0022449	0.00241261	0	0.00471429	193.143	216.299	2	447	
0.7	0.8	5	43	6	3	1	62	0	0	0	0	0	0	0	0	0	0	
0.7	0.8	1	44	46	3	13	589	15	820	0.00188571	0.00239058	0	0.00471429	54.6667	61.372	2	169	
0.7	0.8	1	46	26	3	14	28	14	28	0	0	0	0	2	0	2	2	
0.7	0.8	1	47	53	3	2	64	1	2	0	0	0	0	2	0	2	2	
0.7	0.8	1	48	50	3	3	66	4	128	0.00117857	0.00235714	0	0.00471429	32	34.641	2	62	
0.7	0.8	1	49	61	3	18	3545	19	3607	0.00223308	0.00241838	0	0.00471429	189.842	215.319	2	447	
0.7	0.8	1	50	65	3	20	40	5	10	0	0	0	0	2	0	2	2	
0.7	0.8	1	51	30	3	3	66	4	128	0.00117857	0.00235714	0	0.00471429	32	34.641	2	62	
0.7	0.8	1	52	57	3	3	66	4	128	0.00117857	0.00235714	0	0.00471429	32	34.641	2	62	
0.7	0.8	1	53	22	3	19	3547	20	3609	0.00235714	0.00241838	0	0.00471429	180.45	206.763	2	447	
0.7	0.8	1	55	44	3	13	1810	17	2935	0.00166387	0.00232222	0	0.00471429	172.647	210.829	2	502	
0.7	0.8	2	56	15	3	3	66	1	2	0	0	0	0	2	0	2	2	
0.7	0.8	5	57	8	3	66	4233	0	0	0	0	0	0	0	0	0	0	
0.7	0.8	1	59	60	3	3	66	4	128	0.00117857	0.00235714	0	0.00471429	32	34.641	2	62	
0.7	0.8	2	60	17	3	4	367	3	186	0.00314286	0.00272179	0	0.00471429	62	60	2	122	
0.7	0.8	1	61	66	3	18	3545	19	3607	0.00223308	0.00241838	0	0.00471429	189.842	215.319	2	447	
0.7	0.8	1	62	32	3	8	16	7	14	0	0	0	0	2	0	2	2	
0.7	0.8	1	63	10	3	21	4550	22	4612	0.00235714	0.00241261	0	0.00471429	209.636	243.691	2	558	
0.8	0.9	1	1	63	3	20	3994	22	4503	0.00214286	0.00240262	0	0.00471429	204.682	217.915	2	447	
0.8	0.9	1	3	51	3	3	66	2	4	0	0	0	0	2	0	2	2	
0.8	0.9	1	4	6	3	3	66	4	128	0.00117857	0.00235714	0	0.00471429	32	34.641	2	62	
0.8	0.9	2	5	2	3	93	6755	19	38	0	0	0	0	2	0	2	2	
0.8	0.9	2	6	49	3	63	134	17	34	0	0	0	0	2	0	2	2	
0.8	0.9	1	7	33	3	18	3155	21	4333	0.00202041	0.00239058	0	0.00471429	206.333	236.462	2	558	
0.8	0.9	1	8	2	3	4	180	5	242	0.00188571	0.00258212	0	0.00471429	48.4	47.3793	2	114	
0.8	0.9	4	9	2	3	93	6848	21	42	0	0	0	0	2	0	2	2	
0.8	0.9	1	11	23	3	3	66	4	128	0.00117857	0.00235714	0	0.00471429	32	34.641	2	62	
0.8	0.9	1	12	69	3	9	310	3	6	0	0	0	0	2	0	2	2	
0.8	0.9	1	13	58	3	20	3994	22	4503	0.00214286	0.00240262	0	0.00471429	204.682	217.915	2	447	
0.8	0.9	4	15	4	3	99	6701	17	34	0	0	0	0	2	0	2	2	
0.8	0.9	1	16	24	3	9	358	9	410	0.00157143	0.00235714	0	0.00471429	45.5556	54.4222	2	114	
0.8	0.9	1	17	45	3	20	3994	23	4950	0.00204969	0.00238953	0	0.00471429	215.217	218.818	2	447	
0.8	0.9	3	18	1	3	40	82	13	26	0	0	0	0	2	0	2	2	
0.8	0.9	1	19	54	3	3	66	2	4	0	0	0	0	2	0	2	2	
0.8	0.9	1	20	15	3	42	1372	10	20	0	0	0	0	2	0	2	2	
0.8	0.9	1	21	64	3	20	3994	20	4054	0.00212143	0.00240625	0	0.00471429	202.7	217.322	2	447	
0.8	0.9	5	23	40	3	32	2138	5	10	0	0	0	0	2	0	2	2	
0.8	0.9	1	24	55	3	3	66	4	128	0.00117857	0.00235714	0	0.00471429	32	34.641	2	62	
0.8	0.9	1	25	68	3	18	3545	20	4054	0.00212143	0.00240625	0	0.00471429	202.7	217.322	2	447	
0.8	0.9	1	26	4	3	17	34	17	34	0	0	0	0	2	0	2	2	
0.8	0.9	1	27	41	3	6	351	7	413	0.00202041	0.00251989	0	0.00471429	59	64.4076	2	169	
0.8	0.9	1	28	12	3	19	1213	21	1444	0.00202041	0.00239058	0	0.00471429	68.7619	81.7924	2	280	
0.8	0.9	1	29	19	3	105	5647	21	42	0	0	0	0	2	0	2	2	
0.8	0.9	1	31	5	3	3	66	1	2	0	0	0	0	2	0	2	2	
0.8	0.9	1	32	27	3	9	358	11	534	0.00171429	0.00237847	0	0.00471429	48.5455	49.1291	2	114	
0.8	0.9	5	33	18	3	101	4813	20	40	0	0	0	0	2	0	2	2	
0.8	0.9	1	34	8	3	6	12	6	12	0	0	0	0	2	0	2	2	
0.8	0.9	1	35	29	3	20	4547	23	5725	0.00204969	0.00238953	0	0.00471429	248.913	257.633	2	558	
0.8	0.9	2	36	47	3	3	66	1	2	0	0	0	0	2	0	2	2	
0.8	0.9	1	37	16	3	20	3994	22	4503	0.00214286	0.00240262	0	0.00471429	204.682	217.915	2	447	
0.8	0.9	1	39	25	3	3	66	4	128	0.00117857	0.00235714	0	0.00471429	32	34.641	2	62	
0.8	0.9	3	40	14	3	58	2260	16	32	0	0	0	0	2	0	2	2	
0.8	0.9	1	41	9	3	22	4443	25	5399	0.00207429	0.00238836	0	0.00471429	215.96	219.142	2	447	
0.8	0.9	5	43	6	3	1	62	0	0	0	0	0	0	0	0	0	0	
0.8	0.9	1	44	46	3	15	927	17	1158	0.00194118	0.00239156	0	0.00471429	68.1176	90.6841	2	336	
0.8	0.9	1	46	26	3	17	34	17	34	0	0	0	0	2	0	2	2	
0.8	0.9	1	47	53	3	3	66	2	4	0	0	0	0	2	0	2	2	
0.8	0.9	1	48	50	3	3	66	4	128	0.00117857	0.00235714	0	0.00471429	32	34.641	2	62	
0.8	0.9	1	49	61	3	20	3994	22	4503	0.00214286	0.00240262	0	0.00471429	204.682	217.915	2	447	
0.8	0.9	1	50	65	3	29	62	7	14	0	0	0	0	2	0	2	2	
0.8	0.9	1	51	30	3	3	66	4	128	0.00117857	0.00235714	0	0.00471429	32	34.641	2	62	
0.8	0.9	1	52	57	3	3	66	4	128	0.00117857	0.00235714	0	0.00471429	32	34.641	2	62	
0.8	0.9	1	53	22	3	21	3996	23	4505	0.00225466	0.00240784	0	0.00471429	195.87	211.137	2	447	
0.8	0.9	1	55	44	3	15	2314	19	3439	0.00173684	0.00233637	0	0.00471429	181	216.98	2	502	
0.8	0.9	2	56	15	3	3	66	1	2	0	0	0	0	2	0	2	2	
0.8	0.9	5	57	8	3	72	4541	0	0	0	0	0	0	0	0	0	0	
0.8	0.9	1	59	60	3	3	66	4	128	0.00117857	0.00235714	0	0.00471429	32	34.641	2	62	
0.8	0.9	2	60	17	3	4	367	3	186	0.00314286	0.00272179	0	0.00471429	62	60	2	122	
0.8	0.9	1	61	66	3	18	3545	20	4054	0.00212143	0.00240625	0	0.00471429	202.7	217.322	2	447	
0.8	0.9	1	62	32	3	10	20	10	20	0	0	0	0	2	0	2	2	
0.8	0.9	1	63	10	3	23	5110	26	6288	0.00217582	0.0023967	0	0.00471429	241.846	255.131	2	558	
