% start	end	CellId	IMSI	RNTI	LCID	nTxPDUs	TxBytes	nRxPDUs	RxBytes	delay	stdDev	min	max	PduSize	stdDev	min	max
0.2	0.3	1	1	63	3	14	5880	1	58	0.0429999	0	0.0429999	0.0429999	58	0	58	58	
0.2	0.3	1	3	51	3	2	112	1	58	0.0269998	0	0.0269998	0.0269998	58	0	58	58	
0.2	0.3	1	4	6	3	2	112	2	112	0.0255355	0.0304562	0.00399976	0.0470713	56	2.82843	54	58	
0.2	0.3	1	5	52	3	17	7650	14	5880	0.0125685	0.00823709	0.000731965	0.0279997	420	214.127	54	590	
0.2	0.3	1	7	33	3	18	7912	15	6142	0.0040956	0.00725982	0.000677121	0.0217188	409.467	210.332	54	590	
0.2	0.3	1	8	2	3	5	1554	5	1554	0.00214905	0.00152439	0.000787575	0.00379549	310.8	268.394	54	590	
0.2	0.3	1	9	11	3	26	12632	26	12632	0.00878851	0.00998624	0.000677088	0.0298101	485.846	181.79	54	590	
0.2	0.3	1	11	23	3	2	112	2	112	0.00735674	0.0093941	0.000714108	0.0139994	56	2.82843	54	58	
0.2	0.3	1	12	69	3	2	112	2	112	0.0252317	0.0336125	0.00146411	0.0489993	56	2.82843	54	58	
0.2	0.3	1	13	58	3	14	5880	14	5880	0.00923758	0.00990755	0.000664873	0.0389992	420	214.127	54	590	
0.2	0.3	1	15	1	3	2	112	2	112	0.00198162	0.00147532	0.000938413	0.00302483	56	2.82843	54	58	
0.2	0.3	1	16	24	3	2	112	2	112	0.0165387	0.00217743	0.0149991	0.0180784	56	2.82843	54	58	
0.2	0.3	1	17	45	3	14	5880	1	58	0.023999	0	0.023999	0.023999	58	0	58	58	
0.2	0.3	1	19	54	3	2	112	2	112	0.0245387	0.0162072	0.0130784	0.0359989	56	2.82843	54	58	
0.2	0.3	1	20	15	3	2	112	2	112	0.027035	0.0226786	0.0109988	0.0430713	56	2.82843	54	58	
0.2	0.3	1	21	64	3	14	5880	14	5880	0.00824927	0.0114822	0.000694945	0.0439987	420	214.127	54	590	
0.2	0.3	1	23	40	3	2	112	2	112	0.0185385	0.00347915	0.0160784	0.0209987	56	2.82843	54	58	
0.2	0.3	1	24	55	3	2	112	2	112	0.00597242	0.00706943	0.000973581	0.0109713	56	2.82843	54	58	
0.2	0.3	1	25	68	3	14	5880	14	5880	0.0100704	0.0118638	0.000665088	0.0479985	420	214.127	54	590	
0.2	0.3	1	27	41	3	2	112	1	58	0.0219984	0	0.0219984	0.0219984	58	0	58	58	
0.2	0.3	1	28	12	3	2	112	2	112	0.00435623	0.00515074	0.000714108	0.00799836	56	2.82843	54	58	
0.2	0.3	1	29	19	3	14	5880	14	5880	0.0397539	0.00801479	0.0119983	0.0430713	420	214.127	54	590	
0.2	0.3	1	31	5	3	2	112	2	112	0.00249004	0.00224617	0.000901763	0.00407832	56	2.82843	54	58	
0.2	0.3	1	32	27	3	2	112	1	58	0.0169981	0	0.0169981	0.0169981	58	0	58	58	
0.2	0.3	1	33	42	3	27	13222	26	12632	0.00454173	0.00480066	0.00070673	0.0189708	485.846	181.79	54	590	
0.2	0.3	1	35	29	3	21	9354	20	8764	0.00616986	0.0094488	0.000692302	0.0327123	438.2	199.336	54	590	
0.2	0.3	1	36	67	3	3	170	2	112	0.0295381	0.0246918	0.0120784	0.0469979	56	2.82843	54	58	
0.2	0.3	1	37	16	3	31	14926	29	13746	0.00558484	0.00584193	0.00065901	0.0174708	474	182.56	54	590	
0.2	0.3	1	39	25	3	2	112	1	58	0.0159977	0	0.0159977	0.0159977	58	0	58	58	
0.2	0.3	1	40	14	3	2	112	2	112	0.00536481	0.00655183	0.000731965	0.00999765	56	2.82843	54	58	
0.2	0.3	1	41	9	3	14	5880	14	5880	0.0429681	0.0109478	0.00499758	0.0470713	420	214.127	54	590	
0.2	0.3	1	43	13	3	2	112	2	112	0.014538	0.00783538	0.0089975	0.0200784	56	2.82843	54	58	
0.2	0.3	1	44	46	3	2	112	1	58	0.0249974	0	0.0249974	0.0249974	58	0	58	58	
0.2	0.3	1	45	28	3	14	5880	1	58	0.0179973	0	0.0179973	0.0179973	58	0	58	58	
0.2	0.3	1	47	53	3	1	58	1	58	0.0349973	0	0.0349973	0.0349973	58	0	58	58	
0.2	0.3	1	48	50	3	2	112	1	58	0.0259972	0	0.0259972	0.0259972	58	0	58	58	
0.2	0.3	1	49	61	3	14	5880	1	58	0.0419971	0	0.0419971	0.0419971	58	0	58	58	
0.2	0.3	1	51	30	3	1	58	1	58	0.018997	0	0.018997	0.018997	58	0	58	58	
0.2	0.3	1	52	57	3	2	112	1	58	0.037997	0	0.037997	0.037997	58	0	58	58	
0.2	0.3	1	53	22	3	14	5880	1	58	0.0129969	0	0.0129969	0.0129969	58	0	58	58	
0.2	0.3	1	55	44	3	2	112	1	58	0.0229968	0	0.0229968	0.0229968	58	0	58	58	
0.2	0.3	1	56	34	3	2	112	2	112	0.0103733	0.0136096	0.000749822	0.0199967	56	2.82843	54	58	
0.2	0.3	1	57	59	3	14	5880	14	5880	0.0078703	0.0105539	0.000664873	0.0399966	420	214.127	54	590	
0.2	0.3	1	59	60	3	2	112	2	112	0.00797137	0.00989923	0.000971553	0.0149712	56	2.82843	54	58	
0.2	0.3	1	60	47	3	2	112	2	112	0.00448022	0.00501262	0.000935761	0.00802468	56	2.82843	54	58	
0.2	0.3	1	61	66	3	14	5880	14	5880	0.00980881	0.0114315	0.000676873	0.0459964	420	214.127	54	590	
0.2	0.3	1	63	10	3	11	4438	8	2996	0.00274413	0.00185233	0.00103412	0.00599633	374.5	243.183	54	590	
0.3	0.4	1	1	63	3	18	10620	13	5822	0.0608889	0.000673711	0.060022	0.0620713	447.846	194.707	54	590	
0.3	0.4	1	5	52	3	23	13450	19	11090	0.0141668	0.00672863	0.00727041	0.0210779	583.684	27.5299	470	590	
0.3	0.4	1	6	49	3	174	227940	20	26200	0.0133788	0.0134765	0.00308079	0.0320328	1310	0	1310	1310	
0.3	0.4	1	7	33	3	17	9702	14	7932	0.0106359	0.00974785	0.00101614	0.0332388	566.571	87.6617	262	590	
0.3	0.4	1	9	11	3	25	14750	25	14750	0.00559283	0.00477037	0.000749295	0.0153636	590	0	590	590	
0.3	0.4	1	13	58	3	26	15340	28	16520	0.00580603	0.00758136	0.000764632	0.0270953	590	0	590	590	
0.3	0.4	1	15	1	3	15	7210	12	5768	0.00214196	0.00134597	0.000825741	0.00374961	480.667	161.496	262	590	
0.3	0.4	1	17	45	3	18	10620	28	14672	0.0429487	0.0217527	0.0230637	0.0670713	524	148.532	54	590	
0.3	0.4	1	21	64	3	20	11800	16	9440	0.00987322	0.00842266	0.000748799	0.0189708	590	0	590	590	
0.3	0.4	1	25	68	3	26	15340	26	15340	0.00534623	0.00551463	0.000731431	0.0181136	590	0	590	590	
0.3	0.4	1	26	4	3	101	132310	11	14410	0.00344302	0.00028391	0.00302193	0.00381393	1310	0	1310	1310	
0.3	0.4	1	29	19	3	49	28910	15	8850	0.0240673	2.25396e-06	0.0240637	0.0240708	590	0	590	590	
0.3	0.4	1	33	42	3	22	12980	23	13570	0.00743322	0.00923773	0.000712085	0.0273458	590	0	590	590	
0.3	0.4	1	35	29	3	24	14160	25	14750	0.0051875	0.00646557	0.000712581	0.0313635	590	0	590	590	
0.3	0.4	1	37	16	3	17	10030	19	11210	0.00665691	0.00935286	0.00065901	0.0228458	590	0	590	590	
0.3	0.4	1	40	14	3	9	4326	9	4326	0.00205227	0.0013968	0.000723361	0.00388366	480.667	164	262	590	
0.3	0.4	1	41	9	3	49	28910	15	8850	0.0250673	2.25396e-06	0.0250637	0.0250708	590	0	590	590	
0.3	0.4	1	45	28	3	18	10620	28	14672	0.045413	0.0222604	0.0250637	0.0700713	524	148.532	54	590	
0.3	0.4	1	46	26	3	111	145410	10	13100	0.00340412	0.000291875	0.00305212	0.00384412	1310	0	1310	1310	
0.3	0.4	1	49	61	3	18	10620	28	14672	0.0245559	0.00602068	0.0190637	0.0320713	524	148.532	54	590	
0.3	0.4	1	51	30	3	1	54	1	54	0.00307127	0	0.00307127	0.00307127	54	0	54	54	
0.3	0.4	1	53	22	3	49	28910	28	14672	0.033164	0.00829198	0.0250678	0.0430713	524	148.532	54	590	
0.3	0.4	1	57	59	3	27	15810	24	14040	0.00848138	0.0101229	0.000748295	0.0271127	585	24.4949	470	590	
0.3	0.4	1	61	66	3	49	27926	17	9046	0.0439678	0.0126185	0.0360197	0.0695412	532.118	128.888	262	590	
0.3	0.4	1	63	10	3	25	13974	24	13056	0.00928091	0.00831563	0.000702003	0.0255077	544	111.583	262	590	
0.4	0.5	1	1	63	3	63	37170	31	18290	0.0194864	0.0148865	0.0110648	0.0630632	590	0	590	590	
0.4	0.5	1	5	52	3	8	4720	15	8850	0.0180025	0.00103293	0.0170673	0.0190708	590	0	590	590	
0.4	0.5	1	6	49	3	388	508280	29	37990	0.088243	0.0275529	0.0517048	0.123865	1310	0	1310	1310	
0.4	0.5	1	7	33	3	5	2950	11	6490	0.0242543	0.00851768	0.0170688	0.0348279	590	0	590	590	
0.4	0.5	1	9	11	3	18	10620	16	9440	0.0061621	0.00897686	0.000748295	0.0246136	590	0	590	590	
0.4	0.5	1	13	58	3	16	9440	11	6490	0.0127829	0.0138627	0.00113676	0.031309	590	0	590	590	
0.4	0.5	1	15	1	3	41	21982	43	22834	0.00551513	0.00782533	0.000638599	0.0264422	531.023	125.463	262	590	
0.4	0.5	1	17	45	3	63	37170	32	18880	0.0464074	0.0271919	0.0140648	0.0710632	590	0	590	590	
0.4	0.5	1	18	7	3	165	216150	23	30130	0.012498	0.0121412	0.00317904	0.031131	1310	0	1310	1310	
0.4	0.5	1	21	64	3	19	11210	21	12390	0.0108933	0.0107375	0.000677379	0.0293443	590	0	590	590	
0.4	0.5	1	25	68	3	16	9440	15	8850	0.00708954	0.00926565	0.000713597	0.0223636	590	0	590	590	
0.4	0.5	1	26	4	3	389	509590	28	36680	0.0607919	0.0260169	0.0274619	0.0986219	1310	0	1310	1310	
0.4	0.5	1	28	12	3	9	4326	9	4326	0.00283421	0.00131712	0.000839755	0.00383692	480.667	164	262	590	
0.4	0.5	1	29	19	3	64	37760	32	18880	0.0480011	0.0252871	0.0180648	0.0760632	590	0	590	590	
0.4	0.5	1	33	42	3	16	9440	15	8850	0.00924454	0.0102189	0.000712573	0.0285779	590	0	590	590	
0.4	0.5	1	35	29	3	19	11210	16	9440	0.0091934	0.0110324	0.000642161	0.0271131	590	0	590	590	
0.4	0.5	1	37	16	3	18	10620	18	10620	0.00168661	0.00135719	0.000747799	0.00361264	590	0	590	590	
0.4	0.5	1	40	14	3	9	4326	9	4326	0.00208084	0.00137046	0.000635986	0.00361699	480.667	164	262	590	
0.4	0.5	1	41	9	3	64	37760	32	18880	0.0490949	0.025396	0.0190648	0.0780632	590	0	590	590	
0.4	0.5	1	45	28	3	63	37170	32	18880	0.0440949	0.0277797	0.0110648	0.0700632	590	0	590	590	
0.4	0.5	1	46	26	3	389	509590	28	36680	0.0598401	0.0263086	0.0252601	0.0974201	1310	0	1310	1310	
0.4	0.5	1	49	61	3	63	37170	32	18880	0.0480319	0.0243835	0.0190648	0.0720632	590	0	590	590	
0.4	0.5	1	53	22	3	64	37760	32	18880	0.0480953	0.0269707	0.0160648	0.0750673	590	0	590	590	
0.4	0.5	1	57	59	3	15	8850	14	8260	0.00462731	0.00863929	0.000749229	0.0248631	590	0	590	590	
0.4	0.5	1	61	66	3	64	37760	32	18880	0.0528081	0.0261384	0.021065	0.0910192	590	0	590	590	
0.4	0.5	1	63	10	3	11	6490	15	8850	0.00202046	0.00137569	0.000675859	0.00448864	590	0	590	590	
0.5	0.6	1	1	63	3	32	18880	32	18880	0.0803758	0.0164565	0.0680567	0.132056	590	0	590	590	
0.5	0.6	1	5	52	3	17	10030	17	10030	0.025363	0.00514483	0.0200673	0.0300708	590	0	590	590	
0.5	0.6	1	6	49	3	389	509590	21	27510	0.177257	0.0253208	0.147281	0.209233	1310	0	1310	1310	
0.5	0.6	1	7	33	3	8	4328	8	4328	0.0250701	0.00427622	0.0210693	0.0290708	541	138.593	198	590	
0.5	0.6	1	9	11	3	14	8260	14	8260	0.00717194	0.00854489	0.000660018	0.0251136	590	0	590	590	
0.5	0.6	1	13	58	3	11	6490	13	7670	0.0113883	0.00985703	0.000713085	0.0320779	590	0	590	590	
0.5	0.6	1	15	1	3	31	18290	27	15930	0.00328099	0.00664026	0.000749303	0.0303626	590	0	590	590	
0.5	0.6	1	17	45	3	64	37760	16	9440	0.0800661	0.0163912	0.0740642	0.122056	590	0	590	590	
0.5	0.6	1	18	7	3	197	258070	21	27510	0.0851124	0.0262272	0.054803	0.118755	1310	0	1310	1310	
0.5	0.6	1	20	15	3	9	4326	6	2884	0.00379938	7.30303e-05	0.00373238	0.00386646	480.667	169.378	262	590	
0.5	0.6	1	21	64	3	18	10620	19	11210	0.0100963	0.0121321	0.00065801	0.0333096	590	0	590	590	
0.5	0.6	1	25	68	3	15	8850	15	8850	0.00385444	0.00611037	0.000729422	0.0251136	590	0	590	590	
0.5	0.6	1	26	4	3	148	193880	22	28820	0.152415	0.0245862	0.122294	0.18399	1310	0	1310	1310	
0.5	0.6	1	28	12	3	9	4326	9	4326	0.00228897	0.00144779	0.00106404	0.00530359	480.667	164	262	590	
0.5	0.6	1	29	19	3	32	18880	32	18880	0.104813	0.03218	0.0690642	0.134064	590	0	590	590	
0.5	0.6	1	33	42	3	15	8850	14	8260	0.00591044	0.00924946	0.000748295	0.0311136	590	0	590	590	
0.5	0.6	1	35	29	3	17	10030	16	9440	0.0100583	0.0117226	0.000713085	0.0323636	590	0	590	590	
0.5	0.6	1	37	16	3	14	8260	14	8260	0.0035052	0.00312791	0.000748799	0.00861365	590	0	590	590	
0.5	0.6	1	40	14	3	9	4326	9	4326	0.00189909	0.00128513	0.000736674	0.00335032	480.667	164	262	590	
0.5	0.6	1	41	9	3	32	18880	32	18880	0.104876	0.0322135	0.0690642	0.134064	590	0	590	590	
0.5	0.6	1	44	46	3	6	2884	6	2884	0.0034064	7.30303e-05	0.00333941	0.00347349	480.667	169.378	262	590	
0.5	0.6	1	45	28	3	64	37760	16	9440	0.0816911	0.0153665	0.0760642	0.121056	590	0	590	590	
0.5	0.6	1	46	26	3	389	509590	29	37990	0.164458	0.0340389	0.119092	0.210996	1310	0	1310	1310	
0.5	0.6	1	49	61	3	64	37760	32	18880	0.106875	0.0322135	0.0710642	0.136064	590	0	590	590	
0.5	0.6	1	53	22	3	32	18880	32	18880	0.106188	0.0316472	0.0710642	0.135064	590	0	590	590	
0.5	0.6	1	55	44	3	42	21468	26	12924	0.013917	0.0118418	0.00330728	0.038828	497.077	147.375	262	590	
0.5	0.6	1	57	59	3	13	7670	17	10030	0.00417579	0.00318784	0.000730942	0.0101131	590	0	590	590	
0.5	0.6	1	61	66	3	32	18880	32	18880	0.100063	0.0325079	0.0680632	0.132063	590	0	590	590	
0.5	0.6	1	62	32	3	199	260690	28	36680	0.0134227	0.0137453	0.00319987	0.0373599	1310	0	1310	1310	
0.5	0.6	1	63	10	3	14	8260	14	8260	0.00375064	0.00536195	0.000694724	0.0158101	590	0	590	590	
0.6	0.7	1	1	63	3	64	37760	32	18880	0.157625	0.0166669	0.148056	0.217056	590	0	590	590	
0.6	0.7	1	5	52	3	16	9440	8	4720	0.029069	1.23454e-06	0.0290673	0.0290708	590	0	590	590	
0.6	0.7	1	6	49	3	389	509590	22	28820	0.269571	0.0258742	0.236905	0.299857	1310	0	1310	1310	
0.6	0.7	1	7	33	3	8	4720	4	2360	0.02907	6.50661e-07	0.0290693	0.0290708	590	0	590	590	
0.6	0.7	1	9	11	3	13	7670	15	8850	0.00471311	0.00640516	0.000695236	0.0168636	590	0	590	590	
0.6	0.7	1	13	58	3	11	6490	11	6490	0.00653107	0.00643103	0.000694732	0.0218274	590	0	590	590	
0.6	0.7	1	15	1	3	14	8260	16	9440	0.00195715	0.00138683	0.000748303	0.00361365	590	0	590	590	
0.6	0.7	1	17	45	3	32	18880	16	9440	0.17506	2.39952e-06	0.175056	0.175064	590	0	590	590	
0.6	0.7	1	20	15	3	6	2884	6	2884	0.0170327	0.0147155	0.00359905	0.0304665	480.667	169.378	262	590	
0.6	0.7	1	21	64	3	12	7080	8	4720	0.0036066	0.00577086	0.000749311	0.0176131	590	0	590	590	
0.6	0.7	1	25	68	3	13	7670	14	8260	0.00851604	0.00708118	0.000748807	0.0290948	590	0	590	590	
0.6	0.7	1	28	12	3	9	4326	9	4326	0.0029874	0.00111326	0.00110285	0.00390409	480.667	164	262	590	
0.6	0.7	1	29	19	3	41	24190	16	9440	0.149191	0.0167326	0.143064	0.192056	590	0	590	590	
0.6	0.7	1	33	42	3	9	5310	11	6490	0.00927471	0.00870006	0.000731454	0.0241131	590	0	590	590	
0.6	0.7	1	34	8	3	95	124450	19	24890	0.00780295	0.0057467	0.00313306	0.0158771	1310	0	1310	1310	
0.6	0.7	1	35	29	3	14	8260	15	8850	0.00566846	0.00470394	0.000748799	0.0133636	590	0	590	590	
0.6	0.7	1	37	16	3	14	8260	13	7670	0.00728086	0.00657764	0.000748807	0.0193636	590	0	590	590	
0.6	0.7	1	40	14	3	9	4326	9	4326	0.00292926	0.00137759	0.000702655	0.00395033	480.667	164	262	590	
0.6	0.7	1	41	9	3	41	24190	16	9440	0.149191	0.0167326	0.143064	0.192056	590	0	590	590	
0.6	0.7	1	44	46	3	9	4326	6	2884	0.0181397	0.0152632	0.00420607	0.0320735	480.667	169.378	262	590	
0.6	0.7	1	45	28	3	32	18880	32	18880	0.1515	0.0156279	0.143056	0.208056	590	0	590	590	
0.6	0.7	1	46	26	3	389	509590	21	27510	0.270311	0.027793	0.236668	0.30462	1310	0	1310	1310	
0.6	0.7	1	49	61	3	64	37760	16	9440	0.157066	0.016391	0.151064	0.199056	590	0	590	590	
0.6	0.7	1	50	65	3	255	334050	23	30130	0.0179465	0.0174749	0.00314925	0.0441012	1310	0	1310	1310	
0.6	0.7	1	53	22	3	41	24190	16	9440	0.150691	0.0180988	0.144064	0.197056	590	0	590	590	
0.6	0.7	1	55	44	3	41	20134	36	18376	0.0487678	0.0219207	0.016908	0.0859075	510.444	140.451	262	590	
0.6	0.7	1	57	59	3	14	8260	14	8260	0.00565341	0.0090343	0.000748799	0.0296136	590	0	590	590	
0.6	0.7	1	61	66	3	43	25370	16	9440	0.145067	2.39952e-06	0.145063	0.145071	590	0	590	590	
0.6	0.7	1	62	32	3	388	508280	22	28820	0.0981526	0.0276211	0.0640319	0.130984	1310	0	1310	1310	
0.6	0.7	1	63	10	3	12	7080	10	5900	0.0150635	0.016345	0.000819725	0.0343279	590	0	590	590	
0.7	0.8	1	1	63	3	32	18880	16	9440	0.22906	2.39952e-06	0.229056	0.229064	590	0	590	590	
0.7	0.8	1	5	52	3	8	4720	16	9440	0.037069	0.00516398	0.0320673	0.0420708	590	0	590	590	
0.7	0.8	1	6	49	3	388	508280	21	27510	0.363582	0.0286416	0.329273	0.399225	1310	0	1310	1310	
0.7	0.8	1	7	33	3	4	2360	8	4720	0.03757	0.00587975	0.0320693	0.0430708	590	0	590	590	
0.7	0.8	1	9	11	3	13	7670	13	7670	0.00393407	0.00432276	0.000640641	0.0118636	590	0	590	590	
0.7	0.8	1	13	58	3	11	6490	9	5310	0.00961873	0.0073644	0.000729942	0.0183636	590	0	590	590	
0.7	0.8	1	15	1	3	11	6490	13	7670	0.0156576	0.0129291	0.000766152	0.0353636	590	0	590	590	
0.7	0.8	1	16	24	3	6	2884	6	2884	0.0024738	0.00156422	0.000852853	0.00460028	480.667	169.378	262	590	
0.7	0.8	1	17	45	3	32	18880	32	18880	0.226938	0.0360138	0.187064	0.260064	590	0	590	590	
0.7	0.8	1	18	7	3	311	407410	21	27510	0.272104	0.0286416	0.237795	0.307747	1310	0	1310	1310	
0.7	0.8	1	20	15	3	9	4326	6	2884	0.046266	0.0186956	0.029199	0.0633331	480.667	169.378	262	590	
0.7	0.8	1	21	64	3	12	7080	14	8260	0.0136777	0.0137108	0.00069422	0.0361136	590	0	590	590	
0.7	0.8	1	23	40	3	12	5768	11	5506	0.00182141	0.00124949	0.000696624	0.00354382	500.545	153.209	262	590	
0.7	0.8	1	25	68	3	11	6490	11	6490	0.00968252	0.00645816	0.000712589	0.0173279	590	0	590	590	
0.7	0.8	1	28	12	3	9	4326	9	4326	0.00222191	0.00127262	0.000773091	0.00363692	480.667	164	262	590	
0.7	0.8	1	29	19	3	17	10030	32	18880	0.224938	0.0176119	0.213056	0.284056	590	0	590	590	
0.7	0.8	1	32	27	3	9	4326	6	2884	0.00317949	7.30303e-05	0.0031125	0.00324657	480.667	169.378	262	590	
0.7	0.8	1	33	42	3	11	6490	11	6490	0.00973515	0.00899563	0.000713597	0.0231136	590	0	590	590	
0.7	0.8	1	35	29	3	14	8260	16	9440	0.00677229	0.00927793	0.000748799	0.0296131	590	0	590	590	
0.7	0.8	1	37	16	3	14	8260	13	7670	0.00762485	0.0109251	0.000707183	0.0280542	590	0	590	590	
0.7	0.8	1	40	14	3	9	4326	6	2884	0.00300585	0.00113862	0.000685485	0.00355033	480.667	169.378	262	590	
0.7	0.8	1	41	9	3	17	10030	32	18880	0.224438	0.0172677	0.213056	0.283056	590	0	590	590	
0.7	0.8	1	44	46	3	9	4326	9	4326	0.0708064	0.0295603	0.0366727	0.10494	480.667	164	262	590	
0.7	0.8	1	45	28	3	64	37760	16	9440	0.22006	2.39952e-06	0.220056	0.220064	590	0	590	590	
0.7	0.8	1	46	26	3	389	509590	15	19650	0.349769	0.0186408	0.332036	0.36978	1310	0	1310	1310	
0.7	0.8	1	49	61	3	32	18880	16	9440	0.21606	2.39952e-06	0.216056	0.216064	590	0	590	590	
0.7	0.8	1	50	65	3	389	509590	21	27510	0.107416	0.0290686	0.0727732	0.143725	1310	0	1310	1310	
0.7	0.8	1	53	22	3	17	10030	32	18880	0.224313	0.0182725	0.211056	0.283056	590	0	590	590	
0.7	0.8	1	55	44	3	21	10094	19	9450	0.0863148	0.012192	0.0641603	0.10207	497.368	147.062	262	590	
0.7	0.8	1	57	59	3	11	6490	8	4720	0.0106856	0.0116365	0.000748799	0.0268636	590	0	590	590	
0.7	0.8	1	60	47	3	6	2884	6	2884	0.00439757	0.000474693	0.0039639	0.00483132	480.667	169.378	262	590	
0.7	0.8	1	61	66	3	16	9440	16	9440	0.248059	2.39952e-06	0.248055	0.248063	590	0	590	590	
0.7	0.8	1	62	32	3	389	509590	21	27510	0.193376	0.0307934	0.1574	0.232352	1310	0	1310	1310	
0.7	0.8	1	63	10	3	21	12390	17	10030	0.0112854	0.0154912	0.000729942	0.0398458	590	0	590	590	
0.8	0.9	1	1	63	3	32	18880	16	9440	0.286066	0.021856	0.278064	0.342056	590	0	590	590	
0.8	0.9	1	5	52	3	8	4720	0	0	0	0	0	0	0	0	0	0	
0.8	0.9	1	6	49	3	126	165060	22	28820	0.470699	0.0298816	0.433897	0.508593	1310	0	1310	1310	
0.8	0.9	1	7	33	3	4	2360	4	2360	0.03907	6.50661e-07	0.0390693	0.0390708	590	0	590	590	
0.8	0.9	1	9	11	3	12	7080	10	5900	0.0107513	0.00907725	0.000747799	0.0225601	590	0	590	590	
0.8	0.9	1	12	69	3	6	2884	6	2884	0.00347823	0.000474693	0.00304457	0.00391198	480.667	169.378	262	590	
0.8	0.9	1	13	58	3	10	5900	11	6490	0.0130566	0.0133809	0.000641657	0.0396136	590	0	590	590	
0.8	0.9	1	15	1	3	16	9440	16	9440	0.00200693	0.00130256	0.000695236	0.00361365	590	0	590	590	
0.8	0.9	1	16	24	3	9	4326	9	4326	0.002024	0.00117027	0.000719305	0.00333386	480.667	164	262	590	
0.8	0.9	1	17	45	3	32	18880	0	0	0	0	0	0	0	0	0	0	
0.8	0.9	1	18	7	3	389	509590	15	19650	0.36043	0.0181243	0.343163	0.379907	1310	0	1310	1310	
0.8	0.9	1	20	15	3	9	4326	12	5768	0.056866	0.0398591	0.00566572	0.108066	480.667	161.496	262	590	
0.8	0.9	1	21	64	3	8	4720	10	5900	0.0120203	0.0139576	0.000712529	0.0408636	590	0	590	590	
0.8	0.9	1	23	40	3	34	18476	35	18738	0.00845219	0.00817816	0.000682815	0.0342364	535.371	116.732	262	590	
0.8	0.9	1	25	68	3	11	6490	11	6490	0.0081115	0.00776757	0.000695228	0.0178279	590	0	590	590	
0.8	0.9	1	27	41	3	12	5768	9	4326	0.00364328	0.000150111	0.00346961	0.00381703	480.667	164	262	590	
0.8	0.9	1	28	12	3	9	4326	8	4064	0.00327661	0.00247152	0.000739759	0.00710359	508	151.834	262	590	
0.8	0.9	1	29	19	3	16	9440	16	9440	0.34706	2.39952e-06	0.347056	0.347064	590	0	590	590	
0.8	0.9	1	32	27	3	9	4326	3	1442	0.0169795	3.80591e-07	0.0169792	0.0169799	480.667	189.371	262	590	
0.8	0.9	1	33	42	3	13	7670	5	2950	0.00718973	0.00589694	0.000748807	0.0122237	590	0	590	590	
0.8	0.9	1	35	29	3	11	6490	9	5310	0.0138999	0.0141951	0.000766152	0.0381136	590	0	590	590	
0.8	0.9	1	37	16	3	14	8260	12	7080	0.00825653	0.0139881	0.000712085	0.0403636	590	0	590	590	
0.8	0.9	1	40	14	3	9	4326	11	5178	0.00454947	0.0031505	0.00108123	0.00815033	470.727	165.484	262	590	
0.8	0.9	1	41	9	3	16	9440	16	9440	0.34706	2.39952e-06	0.347056	0.347064	590	0	590	590	
0.8	0.9	1	44	46	3	6	2884	9	4326	0.0844064	0.0295603	0.0502727	0.11854	480.667	164	262	590	
0.8	0.9	1	45	28	3	32	18880	16	9440	0.285941	0.0187819	0.279064	0.334056	590	0	590	590	
0.8	0.9	1	46	26	3	388	508280	21	27510	0.441428	0.0294618	0.405452	0.477404	1310	0	1310	1310	
0.8	0.9	1	49	61	3	32	18880	16	9440	0.281191	0.0194651	0.274064	0.331056	590	0	590	590	
0.8	0.9	1	50	65	3	388	508280	15	19650	0.196875	0.0186404	0.179141	0.216885	1310	0	1310	1310	
0.8	0.9	1	53	22	3	16	9440	16	9440	0.34606	2.39952e-06	0.346056	0.346064	590	0	590	590	
0.8	0.9	1	57	59	3	10	5900	13	7670	0.0120816	0.0122978	0.000713589	0.0413636	590	0	590	590	
0.8	0.9	1	58	56	3	16	20960	4	5240	0.00187509	0.0013217	0.000993745	0.00384043	1310	0	1310	1310	
0.8	0.9	1	60	47	3	9	4326	3	1442	0.0186976	3.80591e-07	0.0186972	0.018698	480.667	189.371	262	590	
0.8	0.9	1	61	66	3	17	10030	16	9440	0.307067	2.39952e-06	0.307063	0.307071	590	0	590	590	
0.8	0.9	1	62	32	3	389	509590	14	18340	0.283396	0.0182763	0.265024	0.301768	1310	0	1310	1310	
0.8	0.9	1	63	10	3	11	6490	16	9440	0.0107863	0.0101793	0.000694228	0.0293453	590	0	590	590	
0.9	1	1	1	63	3	32	18880	16	9440	0.39706	2.39952e-06	0.397056	0.397064	590	0	590	590	
0.9	1	1	3	51	3	2	108	2	108	0.0110356	0.00702062	0.00607127	0.0159999	54	0	54	54	
0.9	1	1	4	6	3	2	108	2	108	0.00753556	0.00631346	0.00307127	0.0119998	54	0	54	54	
0.9	1	1	5	52	3	9	5310	8	4720	0.083069	1.23454e-06	0.0830673	0.0830708	590	0	590	590	
0.9	1	1	7	33	3	4	2360	4	2360	0.08407	6.50661e-07	0.0840693	0.0840708	590	0	590	590	
0.9	1	1	8	2	3	2	108	2	108	0.00603552	0.00419208	0.00307127	0.00899977	54	0	54	54	
0.9	1	1	9	11	3	7	4130	9	5310	0.0170227	0.017335	0.000695228	0.0350958	590	0	590	590	
0.9	1	1	11	23	3	2	108	2	108	0.00353548	0.000656495	0.00307127	0.0039997	54	0	54	54	
0.9	1	1	12	69	3	1	54	1	54	0.0659996	0	0.0659996	0.0659996	54	0	54	54	
0.9	1	1	13	58	3	10	5900	9	5310	0.0195129	0.0213553	0.000713589	0.0575417	590	0	590	590	
0.9	1	1	15	1	3	9	5310	9	5310	0.0207483	0.0324568	0.000749311	0.0763631	590	0	590	590	
0.9	1	1	16	24	3	2	108	2	108	0.000817539	9.57599e-05	0.000749826	0.000885251	54	0	54	54	
0.9	1	1	17	45	3	32	18880	16	9440	0.332816	0.0184404	0.326064	0.380056	590	0	590	590	
0.9	1	1	18	7	3	41	53710	14	18340	0.457951	0.0379895	0.420579	0.495323	1310	0	1310	1310	
0.9	1	1	19	54	3	2	108	2	108	0.00653537	0.00489898	0.00307127	0.00999947	54	0	54	54	
0.9	1	1	20	15	3	4	1496	7	2938	0.107399	0.0188971	0.0889994	0.127533	419.714	223.414	54	590	
0.9	1	1	21	64	3	6	3540	5	2950	0.0109912	0.0140329	0.00073095	0.0263636	590	0	590	590	
0.9	1	1	23	40	3	19	10642	18	10588	0.0260192	0.0276582	0.000712581	0.0665779	588.222	7.54247	558	590	
0.9	1	1	24	55	3	2	108	2	108	0.0055353	0.00348466	0.00307127	0.00799932	54	0	54	54	
0.9	1	1	25	68	3	4	2360	4	2360	0.0657472	0.00708903	0.0551136	0.0692922	590	0	590	590	
0.9	1	1	27	41	3	6	2884	0	0	0	0	0	0	0	0	0	0	
0.9	1	1	28	12	3	1	54	2	316	0.0434846	0.0389115	0.01597	0.0709992	158	147.078	54	262	
0.9	1	1	29	19	3	17	10030	0	0	0	0	0	0	0	0	0	0	
0.9	1	1	31	5	3	2	108	2	108	0.00454768	0.00205261	0.00309626	0.0059991	54	0	54	54	
0.9	1	1	32	27	3	2	108	10	4380	0.0886414	0.0321545	0.042999	0.127847	438	205.212	54	590	
0.9	1	1	33	42	3	4	2360	5	2950	0.00490208	0.0079011	0.000677371	0.0188636	590	0	590	590	
0.9	1	1	35	29	3	7	4130	7	4130	0.0196361	0.0312387	0.000695228	0.0653631	590	0	590	590	
0.9	1	1	36	67	3	2	108	2	108	0.00703511	0.00560571	0.00307127	0.0109989	54	0	54	54	
0.9	1	1	37	16	3	7	4130	9	5310	0.0145439	0.0204553	0.000748807	0.0558279	590	0	590	590	
0.9	1	1	39	25	3	2	108	2	108	0.00903507	0.00701987	0.00407127	0.0139989	54	0	54	54	
0.9	1	1	40	14	3	2	108	3	698	0.00266059	0.00192668	0.00146411	0.00488316	232.667	309.46	54	590	
0.9	1	1	41	9	3	17	10030	0	0	0	0	0	0	0	0	0	0	
0.9	1	1	43	13	3	2	108	2	108	0.00248142	0.00117257	0.00165228	0.00331055	54	0	54	54	
0.9	1	1	44	46	3	1	54	0	0	0	0	0	0	0	0	0	0	
0.9	1	1	46	26	3	41	53710	15	19650	0.56722	0.0238025	0.54482	0.592564	1310	0	1310	1310	
0.9	1	1	47	53	3	1	54	1	54	0.00699857	0	0.00699857	0.00699857	54	0	54	54	
0.9	1	1	48	50	3	2	108	2	108	0.0100349	0.00701961	0.00507127	0.0149985	54	0	54	54	
0.9	1	1	50	65	3	41	53710	14	18340	0.293929	0.0379895	0.256557	0.331301	1310	0	1310	1310	
0.9	1	1	51	30	3	2	108	2	108	0.00803485	0.00701955	0.00307127	0.0129984	54	0	54	54	
0.9	1	1	52	57	3	2	108	2	108	0.0125348	0.00631239	0.00807127	0.0169983	54	0	54	54	
0.9	1	1	53	22	3	17	10030	0	0	0	0	0	0	0	0	0	0	
0.9	1	1	55	44	3	1	54	4	1496	0.20628	0.084188	0.0799983	0.248375	374	263.474	54	590	
0.9	1	1	56	34	3	2	108	2	108	0.00286508	0.00301668	0.000731969	0.0049982	54	0	54	54	
0.9	1	1	57	59	3	10	5900	10	5900	0.0105342	0.0139308	0.00073095	0.0335958	590	0	590	590	
0.9	1	1	58	56	3	41	53710	31	40610	0.0178416	0.0301541	0.000653888	0.0734884	1310	0	1310	1310	
0.9	1	1	59	60	3	2	108	2	108	0.00120075	0.000372444	0.000937397	0.00146411	54	0	54	54	
0.9	1	1	60	47	3	1	54	7	2938	0.117855	0.0226751	0.083998	0.140565	419.714	223.414	54	590	
0.9	1	1	62	32	3	41	53710	15	19650	0.384184	0.0299978	0.356184	0.415928	1310	0	1310	1310	
0.9	1	1	63	10	3	10	5900	10	5900	0.0129029	0.0236637	0.000713589	0.0748636	590	0	590	590	
