% start	end	CellId	IMSI	RNTI	LCID	nTxPDUs	TxBytes	nRxPDUs	RxBytes	delay	stdDev	min	max	PduSize	stdDev	min	max
0.2	0.3	1	1	63	3	2	64	2	64	0.0015	0.00212132	0	0.003	32	42.4264	2	62	
0.2	0.3	1	3	51	3	2	64	2	64	0.0015	0.00212132	0	0.003	32	42.4264	2	62	
0.2	0.3	1	4	6	3	3	122	3	122	0.002	0.00173205	0	0.003	40.6667	33.546	2	62	
0.2	0.3	2	5	52	3	2	4076	9	6514	0.00112182	0.00119468	0	0.003	723.778	1299.86	2	4014	
0.2	0.3	6	7	33	3	2	916	13	6198	0.000939834	0.00107563	0	0.003	476.769	559.669	2	1449	
0.2	0.3	4	8	2	3	1	1186	8	1636	0.000898213	0.00102921	0	0.003	204.5	405.916	2	1186	
0.2	0.3	4	9	2	3	3	5646	17	13568	0.000965125	0.00109159	0	0.003	798.118	946.492	2	3224	
0.2	0.3	2	11	4	3	1	62	3	122	0.0012119	0.00158082	0	0.003	40.6667	33.546	2	62	
0.2	0.3	2	12	18	3	1	62	4	180	0.00144732	0.00122628	0	0.003	45	28.7286	2	62	
0.2	0.3	1	13	1	3	2	3605	8	5921	0.00106786	0.00122439	0	0.003	740.125	1176.38	2	3543	
0.2	0.3	1	15	1	3	1	58	3	122	0.00122976	0.00157133	0	0.003	40.6667	33.546	2	62	
0.2	0.3	1	16	24	3	2	120	3	122	0.002	0.00173205	0	0.003	40.6667	33.546	2	62	
0.2	0.3	1	17	45	3	2	64	2	64	0.0015	0.00212132	0	0.003	32	42.4264	2	62	
0.2	0.3	1	19	54	3	2	120	3	122	0.002	0.00173205	0	0.003	40.6667	33.546	2	62	
0.2	0.3	1	20	15	3	3	122	3	122	0.002	0.00173205	0	0.003	40.6667	33.546	2	62	
0.2	0.3	1	21	64	3	2	2422	8	5921	0.0011683	0.00121201	0	0.003	740.125	855.316	2	2360	
0.2	0.3	1	23	40	3	2	120	3	122	0.002	0.00173205	0	0.003	40.6667	33.546	2	62	
0.2	0.3	1	24	55	3	1	58	3	122	0.00124167	0.00156531	0	0.003	40.6667	33.546	2	62	
0.2	0.3	1	25	10	3	2	3813	9	5923	0.00122024	0.0011837	0	0.003	658.111	1188.93	2	3751	
0.2	0.3	1	27	41	3	2	64	2	64	0.0015	0.00212132	0	0.003	32	42.4264	2	62	
0.2	0.3	6	28	6	3	1	62	3	122	0.0012119	0.00158082	0	0.003	40.6667	33.546	2	62	
0.2	0.3	1	29	19	3	3	5908	3	5908	0.002	0.00173205	0	0.003	1969.33	3355.69	2	5844	
0.2	0.3	1	31	5	3	1	58	3	122	0.00121786	0.0015776	0	0.003	40.6667	33.546	2	62	
0.2	0.3	1	32	27	3	2	64	2	64	0.0015	0.00212132	0	0.003	32	42.4264	2	62	
0.2	0.3	5	33	42	3	2	6175	15	12707	0.000766904	0.000999602	0	0.003	847.133	1249.8	2	4398	
0.2	0.3	2	35	29	3	2	4146	20	9962	0.000771428	0.000927623	0	0.003	498.1	813.479	2	3552	
0.2	0.3	1	36	67	3	2	120	3	122	0.002	0.00173205	0	0.003	40.6667	33.546	2	62	
0.2	0.3	5	37	4	3	2	6319	25	18851	0.000710142	0.000879401	0	0.003	754.04	953.309	2	3751	
0.2	0.3	1	39	25	3	3	66	2	64	0.0015	0.00212132	0	0.003	32	42.4264	2	62	
0.2	0.3	3	40	4	3	1	62	3	122	0.00121786	0.0015776	0	0.003	40.6667	33.546	2	62	
0.2	0.3	1	41	9	3	3	5908	3	5908	0.002	0.00173205	0	0.003	1969.33	3355.69	2	5844	
0.2	0.3	1	43	13	3	2	120	3	122	0.002	0.00173205	0	0.003	40.6667	33.546	2	62	
0.2	0.3	1	44	46	3	2	64	2	64	0.0015	0.00212132	0	0.003	32	42.4264	2	62	
0.2	0.3	1	47	53	3	1	62	1	62	0.003	0	0.003	0.003	62	0	62	62	
0.2	0.3	1	48	50	3	2	64	2	64	0.0015	0.00212132	0	0.003	32	42.4264	2	62	
0.2	0.3	1	49	61	3	2	64	2	64	0.0015	0.00212132	0	0.003	32	42.4264	2	62	
0.2	0.3	1	51	30	3	1	62	1	62	0.003	0	0.003	0.003	62	0	62	62	
0.2	0.3	1	52	57	3	2	64	2	64	0.0015	0.00212132	0	0.003	32	42.4264	2	62	
0.2	0.3	1	53	22	3	3	5908	2	64	0.0015	0.00212132	0	0.003	32	42.4264	2	62	
0.2	0.3	1	55	44	3	2	64	2	64	0.0015	0.00212132	0	0.003	32	42.4264	2	62	
0.2	0.3	5	57	8	3	2	2958	9	5924	0.000955158	0.00119767	0	0.003	658.222	960.055	2	2896	
0.2	0.3	1	60	47	3	1	58	3	122	0.00122976	0.00157133	0	0.003	40.6667	33.546	2	62	
0.2	0.3	3	63	9	3	2	1511	6	3024	0.00147559	0.00126115	0	0.003	504	702.354	2	1449	
0.3	0.4	1	1	63	3	6	15334	5	5912	0.0012	0.00164317	0	0.003	1182.4	2606.04	2	5844	
0.3	0.4	1	3	51	3	4	124	4	124	0.0015	0.00173205	0	0.003	31	33.5261	2	62	
0.3	0.4	1	4	6	3	3	122	3	122	0.002	0.00173205	0	0.003	40.6667	33.546	2	62	
0.3	0.4	1	5	52	3	6	15204	13	17642	0.00123819	0.00131701	0	0.003	1357.08	2239.59	2	6981	
0.3	0.4	1	6	49	3	4	26719	4	26719	0.003	0	0.003	0.003	6679.75	3342.64	2626	9422	
0.3	0.4	1	7	33	3	6	6513	25	14183	0.00102614	0.00116176	0	0.003	567.32	747.561	2	2632	
0.3	0.4	4	8	2	3	1	1186	9	1638	0.000798412	0.00100822	0	0.003	182	385.653	2	1186	
0.3	0.4	1	9	11	3	6	14526	32	31350	0.00103069	0.00109391	0	0.003	979.688	1064.48	2	4143	
0.3	0.4	2	11	4	3	1	62	3	122	0.0012119	0.00158082	0	0.003	40.6667	33.546	2	62	
0.3	0.4	2	12	18	3	1	62	4	180	0.00144732	0.00122628	0	0.003	45	28.7286	2	62	
0.3	0.4	5	13	1	3	6	11897	28	24901	0.000913647	0.00115322	0	0.003	889.321	1084.32	2	3543	
0.3	0.4	4	15	4	3	3	2693	12	5934	0.00111845	0.00117879	0	0.003	494.5	561.363	2	1449	
0.3	0.4	1	16	24	3	2	120	3	122	0.002	0.00173205	0	0.003	40.6667	33.546	2	62	
0.3	0.4	1	17	45	3	6	15334	6	15334	0.0015	0.00164317	0	0.003	2555.67	4092.47	2	9422	
0.3	0.4	1	19	54	3	2	120	3	122	0.002	0.00173205	0	0.003	40.6667	33.546	2	62	
0.3	0.4	1	20	15	3	3	122	3	122	0.002	0.00173205	0	0.003	40.6667	33.546	2	62	
0.3	0.4	5	21	10	3	5	7753	24	17197	0.000960118	0.00118565	0	0.003	716.542	828.345	2	2960	
0.3	0.4	1	23	40	3	2	120	3	122	0.002	0.00173205	0	0.003	40.6667	33.546	2	62	
0.3	0.4	1	24	55	3	1	58	3	122	0.00124167	0.00156531	0	0.003	40.6667	33.546	2	62	
0.3	0.4	1	25	68	3	5	12102	24	24295	0.000973957	0.00116384	0	0.003	1012.29	1284.39	2	3751	
0.3	0.4	1	26	4	3	3	14435	3	14435	0.003	0	0.003	0.003	4811.67	757.484	3937	5249	
0.3	0.4	1	27	41	3	4	124	4	124	0.0015	0.00173205	0	0.003	31	33.5261	2	62	
0.3	0.4	6	28	6	3	1	62	3	122	0.0012119	0.00158082	0	0.003	40.6667	33.546	2	62	
0.3	0.4	1	29	19	3	6	15334	6	15334	0.0015	0.00164317	0	0.003	2555.67	4092.47	2	9422	
0.3	0.4	1	31	5	3	1	58	3	122	0.00121786	0.0015776	0	0.003	40.6667	33.546	2	62	
0.3	0.4	1	32	27	3	4	124	4	124	0.0015	0.00173205	0	0.003	31	33.5261	2	62	
0.3	0.4	1	33	19	3	6	12693	37	28732	0.000912258	0.00105393	0	0.003	776.541	939.143	2	4398	
0.3	0.4	1	35	29	3	5	12435	34	26494	0.000795377	0.00103649	0	0.003	779.235	1130.5	2	4143	
0.3	0.4	1	36	67	3	2	120	3	122	0.002	0.00173205	0	0.003	40.6667	33.546	2	62	
0.3	0.4	5	37	4	3	6	11062	42	31314	0.000800509	0.00102109	0	0.003	745.571	833.575	2	3751	
0.3	0.4	1	39	25	3	4	124	4	124	0.0015	0.00173205	0	0.003	31	33.5261	2	62	
0.3	0.4	1	40	14	3	4	2436	15	4492	0.00103928	0.00126493	0	0.003	299.467	375.906	2	1186	
0.3	0.4	1	41	9	3	6	15334	6	15334	0.0015	0.00164317	0	0.003	2555.67	4092.47	2	9422	
0.3	0.4	1	43	13	3	2	120	3	122	0.002	0.00173205	0	0.003	40.6667	33.546	2	62	
0.3	0.4	1	44	46	3	4	124	4	124	0.0015	0.00173205	0	0.003	31	33.5261	2	62	
0.3	0.4	1	46	26	3	4	22546	3	13124	0.003	0	0.003	0.003	4374.67	1514.39	2626	5249	
0.3	0.4	1	47	53	3	1	62	1	62	0.003	0	0.003	0.003	62	0	62	62	
0.3	0.4	1	48	50	3	4	124	4	124	0.0015	0.00173205	0	0.003	31	33.5261	2	62	
0.3	0.4	1	49	61	3	6	15334	6	15334	0.0015	0.00164317	0	0.003	2555.67	4092.47	2	9422	
0.3	0.4	1	51	30	3	3	122	3	122	0.002	0.00173205	0	0.003	40.6667	33.546	2	62	
0.3	0.4	1	52	57	3	4	124	4	124	0.0015	0.00173205	0	0.003	31	33.5261	2	62	
0.3	0.4	1	53	22	3	6	15334	6	15334	0.0015	0.00164317	0	0.003	2555.67	4092.47	2	9422	
0.3	0.4	1	55	44	3	4	124	4	124	0.0015	0.00173205	0	0.003	31	33.5261	2	62	
0.3	0.4	1	57	8	3	6	10068	26	22411	0.0010272	0.00117357	0	0.003	861.962	873.468	2	2896	
0.3	0.4	1	60	47	3	1	58	3	122	0.00122976	0.00157133	0	0.003	40.6667	33.546	2	62	
0.3	0.4	3	63	9	3	5	7906	24	19393	0.00100744	0.00114441	0	0.003	808.042	948.089	2	2960	
0.4	0.5	1	1	63	3	9	24760	9	24760	0.00133333	0.00158114	0	0.003	2751.11	4236.55	2	9422	
0.4	0.5	1	3	51	3	4	124	4	124	0.0015	0.00173205	0	0.003	31	33.5261	2	62	
0.4	0.5	1	4	6	3	3	122	3	122	0.002	0.00173205	0	0.003	40.6667	33.546	2	62	
0.4	0.5	1	5	52	3	10	24086	17	26524	0.00129979	0.00136985	0	0.003	1560.24	2268.42	2	6981	
0.4	0.5	1	6	49	3	8	64407	8	64407	0.003	0	0.003	0.003	8050.88	2633.84	2626	9422	
0.4	0.5	1	7	33	3	10	13029	29	20699	0.0010915	0.00122718	0	0.003	713.759	1001.12	2	3552	
0.4	0.5	4	8	2	3	1	1186	9	1638	0.000798412	0.00100822	0	0.003	182	385.653	2	1186	
0.4	0.5	4	9	11	3	10	19860	45	42029	0.00110555	0.00114183	0	0.003	933.978	969.27	2	4143	
0.4	0.5	2	11	4	3	1	62	3	122	0.0012119	0.00158082	0	0.003	40.6667	33.546	2	62	
0.4	0.5	2	12	18	3	1	62	4	180	0.00144732	0.00122628	0	0.003	45	28.7286	2	62	
0.4	0.5	5	13	1	3	9	17228	36	31430	0.000942162	0.0011608	0	0.003	873.056	1141.73	2	4143	
0.4	0.5	4	15	4	3	8	11714	38	30081	0.00102678	0.00109405	0	0.003	791.605	859.176	2	3159	
0.4	0.5	1	16	24	3	2	120	3	122	0.002	0.00173205	0	0.003	40.6667	33.546	2	62	
0.4	0.5	1	17	45	3	10	34182	10	34182	0.0015	0.00158114	0	0.003	3418.2	4517.1	2	9422	
0.4	0.5	1	18	7	3	5	30656	5	30656	0.003	0	0.003	0.003	6131.2	3406.64	1314	9422	
0.4	0.5	1	19	54	3	2	120	3	122	0.002	0.00173205	0	0.003	40.6667	33.546	2	62	
0.4	0.5	1	20	15	3	3	122	3	122	0.002	0.00173205	0	0.003	40.6667	33.546	2	62	
0.4	0.5	5	21	64	3	9	14863	39	29657	0.000999083	0.0011931	0	0.003	760.436	808.955	2	2960	
0.4	0.5	1	23	40	3	2	120	3	122	0.002	0.00173205	0	0.003	40.6667	33.546	2	62	
0.4	0.5	1	24	55	3	1	58	3	122	0.00124167	0.00156531	0	0.003	40.6667	33.546	2	62	
0.4	0.5	3	25	10	3	9	16845	41	34984	0.000941201	0.00117969	0	0.003	853.268	1056.41	2	3751	
0.4	0.5	1	26	4	3	7	52123	7	52123	0.003	0	0.003	0.003	7446.14	2502.83	3937	9422	
0.4	0.5	1	27	41	3	4	124	4	124	0.0015	0.00173205	0	0.003	31	33.5261	2	62	
0.4	0.5	1	28	12	3	4	2636	14	5082	0.00125332	0.00123497	0	0.003	363	364.619	2	858	
0.4	0.5	1	29	19	3	10	34182	10	34182	0.0015	0.00158114	0	0.003	3418.2	4517.1	2	9422	
0.4	0.5	1	31	5	3	1	58	3	122	0.00121786	0.0015776	0	0.003	40.6667	33.546	2	62	
0.4	0.5	1	32	27	3	4	124	4	124	0.0015	0.00173205	0	0.003	31	33.5261	2	62	
0.4	0.5	5	33	19	3	10	17435	57	38242	0.000907706	0.00108356	0	0.003	670.912	833.998	2	4398	
0.4	0.5	2	35	29	3	9	17178	50	35997	0.000885214	0.00108962	0	0.003	719.94	976.793	2	4143	
0.4	0.5	1	36	67	3	2	120	3	122	0.002	0.00173205	0	0.003	40.6667	33.546	2	62	
0.4	0.5	1	37	4	3	9	14619	54	41991	0.000850131	0.00106217	0	0.003	777.611	824.575	2	3751	
0.4	0.5	1	39	25	3	4	124	4	124	0.0015	0.00173205	0	0.003	31	33.5261	2	62	
0.4	0.5	3	40	14	3	6	4479	26	8859	0.000940521	0.0011947	0	0.003	340.731	411.993	2	1449	
0.4	0.5	1	41	9	3	10	34182	10	34182	0.0015	0.00158114	0	0.003	3418.2	4517.1	2	9422	
0.4	0.5	1	43	13	3	2	120	3	122	0.002	0.00173205	0	0.003	40.6667	33.546	2	62	
0.4	0.5	1	44	46	3	4	124	4	124	0.0015	0.00173205	0	0.003	31	33.5261	2	62	
0.4	0.5	1	46	26	3	8	60234	7	50812	0.003	0	0.003	0.003	7258.86	2836.05	2626	9422	
0.4	0.5	1	47	53	3	1	62	1	62	0.003	0	0.003	0.003	62	0	62	62	
0.4	0.5	1	48	50	3	4	124	4	124	0.0015	0.00173205	0	0.003	31	33.5261	2	62	
0.4	0.5	1	49	61	3	10	34182	10	34182	0.0015	0.00158114	0	0.003	3418.2	4517.1	2	9422	
0.4	0.5	1	51	30	3	3	122	3	122	0.002	0.00173205	0	0.003	40.6667	33.546	2	62	
0.4	0.5	1	52	57	3	4	124	4	124	0.0015	0.00173205	0	0.003	31	33.5261	2	62	
0.4	0.5	1	53	22	3	10	34182	10	34182	0.0015	0.00158114	0	0.003	3418.2	4517.1	2	9422	
0.4	0.5	1	55	44	3	4	124	4	124	0.0015	0.00173205	0	0.003	31	33.5261	2	62	
0.4	0.5	5	57	8	3	9	12442	43	32507	0.000934717	0.00113569	0	0.003	755.977	777.895	2	2896	
0.4	0.5	1	60	47	3	1	58	3	122	0.00122976	0.00157133	0	0.003	40.6667	33.546	2	62	
0.4	0.5	3	63	10	3	9	11466	41	35406	0.000964895	0.00117911	0	0.003	863.561	845.512	2	2960	
0.5	0.6	1	1	63	3	13	43608	13	43608	0.00138461	0.00155662	0	0.003	3354.46	4499.73	2	9422	
0.5	0.6	1	3	51	3	4	124	4	124	0.0015	0.00173205	0	0.003	31	33.5261	2	62	
0.5	0.6	1	4	6	3	3	122	3	122	0.002	0.00173205	0	0.003	40.6667	33.546	2	62	
0.5	0.6	1	5	52	3	13	34149	20	36587	0.00140482	0.00140064	0	0.003	1829.35	2379.42	2	6981	
0.5	0.6	1	6	49	3	11	92673	11	92673	0.003	0	0.003	0.003	8424.82	2294.81	2626	9422	
0.5	0.6	1	7	33	3	13	17377	32	25047	0.00117667	0.00127521	0	0.003	782.719	1027.88	2	3552	
0.5	0.6	4	8	2	3	1	1186	9	1638	0.000798412	0.00100822	0	0.003	182	385.653	2	1186	
0.5	0.6	4	9	2	3	13	25192	59	50345	0.00106404	0.00113934	0	0.003	853.305	922.927	2	4143	
0.5	0.6	2	11	4	3	1	62	3	122	0.0012119	0.00158082	0	0.003	40.6667	33.546	2	62	
0.5	0.6	2	12	18	3	1	62	4	180	0.00144732	0.00122628	0	0.003	45	28.7286	2	62	
0.5	0.6	5	13	1	3	9	17228	46	34410	0.00082562	0.00107971	0	0.003	748.043	1044.44	2	4143	
0.5	0.6	1	15	1	3	11	16455	58	54382	0.000932388	0.00104614	0	0.003	937.621	1050.47	2	3552	
0.5	0.6	1	16	24	3	2	120	3	122	0.002	0.00173205	0	0.003	40.6667	33.546	2	62	
0.5	0.6	1	17	45	3	13	43608	13	43608	0.00138461	0.00155662	0	0.003	3354.46	4499.73	2	9422	
0.5	0.6	1	18	7	3	8	58922	8	58922	0.003	0	0.003	0.003	7365.25	3087.43	1314	9422	
0.5	0.6	1	19	54	3	2	120	3	122	0.002	0.00173205	0	0.003	40.6667	33.546	2	62	
0.5	0.6	1	20	15	3	7	3024	7	3024	0.00171429	0.00160357	0	0.003	432	695.228	2	1449	
0.5	0.6	1	21	64	3	13	20788	53	42111	0.00105222	0.00120566	0	0.003	794.547	872.259	2	2960	
0.5	0.6	1	23	40	3	2	120	3	122	0.002	0.00173205	0	0.003	40.6667	33.546	2	62	
0.5	0.6	1	24	55	3	1	58	3	122	0.00124167	0.00156531	0	0.003	40.6667	33.546	2	62	
0.5	0.6	3	25	68	3	12	20993	55	43892	0.000953116	0.00116554	0	0.003	798.036	970.844	2	3751	
0.5	0.6	1	26	4	3	11	89811	10	80389	0.003	0	0.003	0.003	8038.9	2255.45	3937	9422	
0.5	0.6	1	27	41	3	4	124	4	124	0.0015	0.00173205	0	0.003	31	33.5261	2	62	
0.5	0.6	6	28	6	3	6	4088	28	11494	0.00109898	0.00114186	0	0.003	410.5	440.78	2	1449	
0.5	0.6	1	29	19	3	13	53028	13	53028	0.00161538	0.00155662	0	0.003	4079.08	4670.13	2	9422	
0.5	0.6	1	31	5	3	1	58	3	122	0.00121786	0.0015776	0	0.003	40.6667	33.546	2	62	
0.5	0.6	1	32	27	3	4	124	4	124	0.0015	0.00173205	0	0.003	31	33.5261	2	62	
0.5	0.6	1	33	42	3	13	19809	72	48333	0.000919642	0.00109154	0	0.003	671.292	803.69	2	4398	
0.5	0.6	2	35	10	3	12	21918	64	46678	0.0008827	0.00110252	0	0.003	729.344	914.383	2	4143	
0.5	0.6	1	36	67	3	2	120	3	122	0.002	0.00173205	0	0.003	40.6667	33.546	2	62	
0.5	0.6	5	37	16	3	12	18768	69	50900	0.000853208	0.00107904	0	0.003	737.681	792.769	2	3751	
0.5	0.6	1	39	25	3	4	124	4	124	0.0015	0.00173205	0	0.003	31	33.5261	2	62	
0.5	0.6	1	40	4	3	9	6525	35	13221	0.0010149	0.00122548	0	0.003	377.743	430.853	2	1449	
0.5	0.6	1	41	9	3	13	53028	13	53028	0.00161538	0.00155662	0	0.003	4079.08	4670.13	2	9422	
0.5	0.6	1	43	13	3	2	120	3	122	0.002	0.00173205	0	0.003	40.6667	33.546	2	62	
0.5	0.6	1	44	46	3	8	3026	8	3026	0.0015	0.00160357	0	0.003	378.25	661.367	2	1449	
0.5	0.6	1	46	26	3	11	88500	11	88500	0.003	0	0.003	0.003	8045.45	2452.95	2626	9422	
0.5	0.6	1	47	53	3	1	62	1	62	0.003	0	0.003	0.003	62	0	62	62	
0.5	0.6	1	48	50	3	4	124	4	124	0.0015	0.00173205	0	0.003	31	33.5261	2	62	
0.5	0.6	1	49	61	3	13	53028	13	53028	0.00161538	0.00155662	0	0.003	4079.08	4670.13	2	9422	
0.5	0.6	1	51	30	3	3	122	3	122	0.002	0.00173205	0	0.003	40.6667	33.546	2	62	
0.5	0.6	1	52	57	3	4	124	4	124	0.0015	0.00173205	0	0.003	31	33.5261	2	62	
0.5	0.6	1	53	22	3	13	53028	13	53028	0.00161538	0.00155662	0	0.003	4079.08	4670.13	2	9422	
0.5	0.6	1	55	44	3	10	13101	10	13101	0.0018	0.00154919	0	0.003	1310.1	2657.28	2	8626	
0.5	0.6	5	57	8	3	13	18960	59	42603	0.000965919	0.00115197	0	0.003	722.085	760.739	2	2896	
0.5	0.6	1	60	47	3	1	58	3	122	0.00122976	0.00157133	0	0.003	40.6667	33.546	2	62	
0.5	0.6	1	62	32	3	5	37452	5	37452	0.003	0	0.003	0.003	7490.4	2685.32	3937	9422	
0.5	0.6	3	63	9	3	12	13840	55	47863	0.000944415	0.00117875	0	0.003	870.236	833.688	2	2960	
0.6	0.7	1	1	63	3	16	62454	16	62454	0.0015	0.00154919	0	0.003	3903.38	4640.54	2	9422	
0.6	0.7	1	3	51	3	4	124	4	124	0.0015	0.00173205	0	0.003	31	33.5261	2	62	
0.6	0.7	1	4	6	3	3	122	3	122	0.002	0.00173205	0	0.003	40.6667	33.546	2	62	
0.6	0.7	1	5	52	3	16	38888	23	41326	0.00135202	0.00140941	0	0.003	1796.78	2361.32	2	6981	
0.6	0.7	1	6	49	3	14	120939	14	120939	0.003	0	0.003	0.003	8638.5	2056.98	2626	9422	
0.6	0.7	1	7	33	3	16	19750	35	27420	0.00116153	0.00128905	0	0.003	783.429	1035.95	2	3552	
0.6	0.7	4	8	2	3	1	1186	9	1638	0.000798412	0.00100822	0	0.003	182	385.653	2	1186	
0.6	0.7	4	9	11	3	16	29341	75	59256	0.00100838	0.00113481	0	0.003	790.08	867.913	2	4143	
0.6	0.7	2	11	4	3	1	62	3	122	0.0012119	0.00158082	0	0.003	40.6667	33.546	2	62	
0.6	0.7	2	12	18	3	1	62	4	180	0.00144732	0.00122628	0	0.003	45	28.7286	2	62	
0.6	0.7	5	13	1	3	9	17228	56	37390	0.000762053	0.00101262	0	0.003	667.679	968.861	2	4143	
0.6	0.7	1	15	1	3	13	19418	76	69215	0.000907941	0.00104391	0	0.003	910.724	991.158	2	3552	
0.6	0.7	1	16	24	3	2	120	3	122	0.002	0.00173205	0	0.003	40.6667	33.546	2	62	
0.6	0.7	1	17	45	3	16	53034	16	53034	0.0013125	0.00153704	0	0.003	3314.62	4488.79	2	9422	
0.6	0.7	1	18	7	3	11	87188	11	87188	0.003	0	0.003	0.003	7926.18	2756	1314	9422	
0.6	0.7	1	19	54	3	2	120	3	122	0.002	0.00173205	0	0.003	40.6667	33.546	2	62	
0.6	0.7	1	20	15	3	11	5926	11	5926	0.00163636	0.0015667	0	0.003	538.727	722.02	2	1449	
0.6	0.7	5	21	64	3	15	22568	64	47460	0.00102885	0.0011902	0	0.003	741.562	833.845	2	2960	
0.6	0.7	1	23	40	3	2	120	3	122	0.002	0.00173205	0	0.003	40.6667	33.546	2	62	
0.6	0.7	1	24	55	3	1	58	3	122	0.00124167	0.00156531	0	0.003	40.6667	33.546	2	62	
0.6	0.7	3	25	68	3	15	27508	67	53977	0.000936247	0.00118351	0	0.003	805.627	967.177	2	3751	
0.6	0.7	1	26	4	3	14	118077	14	118077	0.003	0	0.003	0.003	8434.07	1985.51	3937	9422	
0.6	0.7	1	27	41	3	4	124	4	124	0.0015	0.00173205	0	0.003	31	33.5261	2	62	
0.6	0.7	1	28	12	3	9	7252	37	15858	0.00113803	0.00117777	0	0.003	428.595	472.595	2	1449	
0.6	0.7	1	29	19	3	16	62454	16	62454	0.0015	0.00154919	0	0.003	3903.38	4640.54	2	9422	
0.6	0.7	1	31	5	3	1	58	3	122	0.00121786	0.0015776	0	0.003	40.6667	33.546	2	62	
0.6	0.7	1	32	27	3	4	124	4	124	0.0015	0.00173205	0	0.003	31	33.5261	2	62	
0.6	0.7	1	33	42	3	16	23958	86	55466	0.000939077	0.00109794	0	0.003	644.953	768.544	2	4398	
0.6	0.7	1	34	8	3	4	25169	4	25169	0.003	0	0.003	0.003	6292.25	2086.5	5249	9422	
0.6	0.7	1	35	29	3	16	29027	77	55582	0.000893784	0.0011187	0	0.003	721.844	890.684	2	4143	
0.6	0.7	1	36	67	3	2	120	3	122	0.002	0.00173205	0	0.003	40.6667	33.546	2	62	
0.6	0.7	5	37	4	3	15	23508	85	59218	0.000870041	0.00108608	0	0.003	696.682	762.732	2	3751	
0.6	0.7	1	39	25	3	4	124	4	124	0.0015	0.00173205	0	0.003	31	33.5261	2	62	
0.6	0.7	3	40	4	3	12	9755	46	17587	0.00101165	0.00123283	0	0.003	382.326	437.809	2	1449	
0.6	0.7	1	41	9	3	16	62454	16	62454	0.0015	0.00154919	0	0.003	3903.38	4640.54	2	9422	
0.6	0.7	1	43	13	3	2	120	3	122	0.002	0.00173205	0	0.003	40.6667	33.546	2	62	
0.6	0.7	1	44	46	3	11	5926	11	5926	0.00163636	0.0015667	0	0.003	538.727	722.02	2	1449	
0.6	0.7	1	46	26	3	14	116766	14	116766	0.003	0	0.003	0.003	8340.43	2229.8	2626	9422	
0.6	0.7	1	47	53	3	1	62	1	62	0.003	0	0.003	0.003	62	0	62	62	
0.6	0.7	1	48	50	3	4	124	4	124	0.0015	0.00173205	0	0.003	31	33.5261	2	62	
0.6	0.7	1	49	61	3	16	62454	16	62454	0.0015	0.00154919	0	0.003	3903.38	4640.54	2	9422	
0.6	0.7	1	50	65	3	5	30656	5	30656	0.003	0	0.003	0.003	6131.2	3406.64	1314	9422	
0.6	0.7	1	51	30	3	3	122	3	122	0.002	0.00173205	0	0.003	40.6667	33.546	2	62	
0.6	0.7	1	52	57	3	4	124	4	124	0.0015	0.00173205	0	0.003	31	33.5261	2	62	
0.6	0.7	1	53	22	3	16	62454	16	62454	0.0015	0.00154919	0	0.003	3903.38	4640.54	2	9422	
0.6	0.7	1	55	44	3	13	31947	13	31947	0.00184615	0.00151911	0	0.003	2457.46	3870.33	2	9422	
0.6	0.7	1	57	8	3	16	21926	79	52707	0.000947287	0.0011216	0	0.003	667.177	704.081	2	2896	
0.6	0.7	1	60	47	3	1	58	3	122	0.00122976	0.00157133	0	0.003	40.6667	33.546	2	62	
0.6	0.7	1	62	32	3	8	65718	8	65718	0.003	0	0.003	0.003	8214.75	2262.73	3937	9422	
0.6	0.7	1	63	10	3	16	19767	63	55573	0.00097772	0.00121343	0	0.003	882.111	834.268	2	2960	
0.7	0.8	1	1	63	3	18	71878	18	71878	0.0015	0.00154349	0	0.003	3993.22	4656.12	2	9422	
0.7	0.8	1	3	51	3	4	124	4	124	0.0015	0.00173205	0	0.003	31	33.5261	2	62	
0.7	0.8	1	4	6	3	3	122	3	122	0.002	0.00173205	0	0.003	40.6667	33.546	2	62	
0.7	0.8	1	5	52	3	19	48360	26	50798	0.00142679	0.0014257	0	0.003	1953.77	2387.59	2	6981	
0.7	0.8	1	6	49	3	17	149205	17	149205	0.003	0	0.003	0.003	8776.76	1879.53	2626	9422	
0.7	0.8	1	7	33	3	19	24490	38	32160	0.00122772	0.00131969	0	0.003	846.316	1065.13	2	3552	
0.7	0.8	4	8	2	3	1	1186	9	1638	0.000798412	0.00100822	0	0.003	182	385.653	2	1186	
0.7	0.8	1	9	2	3	19	33489	89	68754	0.000995625	0.00113789	0	0.003	772.517	830.466	2	4143	
0.7	0.8	2	11	4	3	1	62	3	122	0.0012119	0.00158082	0	0.003	40.6667	33.546	2	62	
0.7	0.8	2	12	18	3	1	62	4	180	0.00144732	0.00122628	0	0.003	45	28.7286	2	62	
0.7	0.8	5	13	1	3	9	17228	62	39178	0.000709389	0.0009799	0	0.003	631.903	937.343	2	4143	
0.7	0.8	4	15	1	3	16	24750	87	76931	0.00093596	0.00107528	0	0.003	884.264	970.356	2	3552	
0.7	0.8	2	16	24	3	4	1244	13	3042	0.00115165	0.00132281	0	0.003	234	296.966	2	858	
0.7	0.8	1	17	45	3	19	71880	19	71880	0.00142105	0.00153897	0	0.003	3783.16	4616.65	2	9422	
0.7	0.8	1	18	7	3	14	115454	14	115454	0.003	0	0.003	0.003	8246.71	2499.68	1314	9422	
0.7	0.8	1	19	54	3	2	120	3	122	0.002	0.00173205	0	0.003	40.6667	33.546	2	62	
0.7	0.8	1	20	15	3	13	8824	13	8824	0.00161538	0.00155662	0	0.003	678.769	948.815	2	2896	
0.7	0.8	5	21	10	3	18	27308	74	55765	0.00103769	0.00120254	0	0.003	753.581	835.962	2	2960	
0.7	0.8	5	23	40	3	5	1838	14	5676	0.00137704	0.00128727	0	0.003	405.429	385.148	2	1186	
0.7	0.8	1	24	55	3	1	58	3	122	0.00124167	0.00156531	0	0.003	40.6667	33.546	2	62	
0.7	0.8	3	25	10	3	18	32248	77	61099	0.000948283	0.00120178	0	0.003	793.494	935.952	2	3751	
0.7	0.8	1	26	4	3	16	136921	16	136921	0.003	0	0.003	0.003	8557.56	1878.95	3937	9422	
0.7	0.8	1	27	41	3	4	124	4	124	0.0015	0.00173205	0	0.003	31	33.5261	2	62	
0.7	0.8	1	28	12	3	12	8970	49	21412	0.0011465	0.00117407	0	0.003	436.98	461.053	2	1449	
0.7	0.8	1	29	19	3	19	81300	19	81300	0.00157895	0.00153897	0	0.003	4278.95	4693.2	2	9422	
0.7	0.8	1	31	5	3	1	58	3	122	0.00121786	0.0015776	0	0.003	40.6667	33.546	2	62	
0.7	0.8	1	32	27	3	8	3026	8	3026	0.0015	0.00160357	0	0.003	378.25	661.367	2	1449	
0.7	0.8	5	33	19	3	19	27515	104	62605	0.000916242	0.0010963	0	0.003	601.971	732.908	2	4398	
0.7	0.8	1	34	8	3	7	53435	7	53435	0.003	0	0.003	0.003	7633.57	2230.56	5249	9422	
0.7	0.8	2	35	10	3	18	31399	94	65087	0.000875607	0.00110925	0	0.003	692.415	841.752	2	4143	
0.7	0.8	1	36	67	3	2	120	3	122	0.002	0.00173205	0	0.003	40.6667	33.546	2	62	
0.7	0.8	5	37	16	3	18	25882	101	66946	0.000867043	0.00108874	0	0.003	662.832	728.976	2	3751	
0.7	0.8	1	39	25	3	4	124	4	124	0.0015	0.00173205	0	0.003	31	33.5261	2	62	
0.7	0.8	1	40	14	3	15	13511	52	20494	0.00102253	0.00124858	0	0.003	394.115	452.9	2	1449	
0.7	0.8	1	41	9	3	19	81300	19	81300	0.00157895	0.00153897	0	0.003	4278.95	4693.2	2	9422	
0.7	0.8	1	43	13	3	2	120	3	122	0.002	0.00173205	0	0.003	40.6667	33.546	2	62	
0.7	0.8	1	44	46	3	14	10272	14	10272	0.0015	0.00155662	0	0.003	733.714	1231.69	2	4342	
0.7	0.8	1	46	26	3	16	135610	16	135610	0.003	0	0.003	0.003	8475.63	2108.45	2626	9422	
0.7	0.8	1	47	53	3	1	62	1	62	0.003	0	0.003	0.003	62	0	62	62	
0.7	0.8	1	48	50	3	4	124	4	124	0.0015	0.00173205	0	0.003	31	33.5261	2	62	
0.7	0.8	1	49	61	3	19	71880	18	71878	0.0015	0.00154349	0	0.003	3993.22	4656.12	2	9422	
0.7	0.8	1	50	65	3	8	58922	8	58922	0.003	0	0.003	0.003	7365.25	3087.43	1314	9422	
0.7	0.8	1	51	30	3	3	122	3	122	0.002	0.00173205	0	0.003	40.6667	33.546	2	62	
0.7	0.8	1	52	57	3	4	124	4	124	0.0015	0.00173205	0	0.003	31	33.5261	2	62	
0.7	0.8	1	53	22	3	19	81300	19	81300	0.00157895	0.00153897	0	0.003	4278.95	4693.2	2	9422	
0.7	0.8	1	55	44	3	16	41373	16	41373	0.0016875	0.00153704	0	0.003	2585.81	4000.44	2	9422	
0.7	0.8	5	57	8	3	18	24297	89	57462	0.000929895	0.00112457	0	0.003	645.64	693.762	2	2896	
0.7	0.8	1	60	47	3	4	2958	6	3022	0.00161488	0.00153806	0	0.003	503.667	732.712	2	1449	
0.7	0.8	1	62	32	3	11	93984	11	93984	0.003	0	0.003	0.003	8544	1975.33	3937	9422	
0.7	0.8	3	63	9	3	18	22730	83	67453	0.000967168	0.00116601	0	0.003	812.687	806.888	2	2960	
0.8	0.9	1	1	63	3	21	81304	21	81304	0.00142857	0.0015353	0	0.003	3871.62	4634.49	2	9422	
0.8	0.9	1	3	51	3	4	124	4	124	0.0015	0.00173205	0	0.003	31	33.5261	2	62	
0.8	0.9	1	4	6	3	3	122	3	122	0.002	0.00173205	0	0.003	40.6667	33.546	2	62	
0.8	0.9	1	5	52	3	21	48364	28	50802	0.00132487	0.001422	0	0.003	1814.36	2353.79	2	6981	
0.8	0.9	1	6	49	3	20	177471	20	177471	0.003	0	0.003	0.003	8873.55	1740.9	2626	9422	
0.8	0.9	1	7	33	3	21	26861	40	34531	0.00124134	0.00133089	0	0.003	863.275	1074.13	2	3552	
0.8	0.9	4	8	2	3	1	1186	9	1638	0.000798412	0.00100822	0	0.003	182	385.653	2	1186	
0.8	0.9	4	9	2	3	21	37044	98	74691	0.000986406	0.00114518	0	0.003	762.153	829.302	2	4143	
0.8	0.9	2	11	4	3	1	62	3	122	0.0012119	0.00158082	0	0.003	40.6667	33.546	2	62	
0.8	0.9	1	12	69	3	5	2964	8	3082	0.00147366	0.00138959	0	0.003	385.25	657.098	2	1449	
0.8	0.9	5	13	1	3	9	17228	72	43342	0.000687251	0.000938505	0	0.003	601.972	889.16	2	4143	
0.8	0.9	4	15	4	3	18	28304	100	88200	0.000914106	0.00107191	0	0.003	882	956.178	2	3552	
0.8	0.9	2	16	5	3	6	3287	25	7413	0.000961999	0.00121619	0	0.003	296.52	381.302	2	1449	
0.8	0.9	1	17	45	3	21	71884	21	71884	0.00128571	0.00152128	0	0.003	3423.05	4525	2	9422	
0.8	0.9	1	18	7	3	16	134298	16	134298	0.003	0	0.003	0.003	8393.62	2361.45	1314	9422	
0.8	0.9	1	19	54	3	2	120	3	122	0.002	0.00173205	0	0.003	40.6667	33.546	2	62	
0.8	0.9	1	20	15	3	16	14617	16	14617	0.0015	0.00154919	0	0.003	913.562	1569.53	2	5789	
0.8	0.9	1	21	64	3	21	30274	86	61709	0.00102014	0.00120786	0	0.003	717.547	805.066	2	2960	
0.8	0.9	1	23	40	3	8	11621	35	24516	0.000955815	0.00116899	0	0.003	700.457	1026.72	2	4111	
0.8	0.9	1	24	55	3	1	58	3	122	0.00124167	0.00156531	0	0.003	40.6667	33.546	2	62	
0.8	0.9	1	25	10	3	21	35805	87	67629	0.000957758	0.00121548	0	0.003	777.345	923.651	2	3751	
0.8	0.9	1	26	4	3	19	165187	19	165187	0.003	0	0.003	0.003	8694.05	1745.55	3937	9422	
0.8	0.9	1	27	41	3	7	4471	7	4471	0.00214286	0.00146385	0	0.003	638.714	758.324	2	1449	
0.8	0.9	6	28	6	3	14	10422	60	27882	0.00113018	0.00117184	0	0.003	464.7	469.421	2	1449	
0.8	0.9	1	29	19	3	22	90726	22	90726	0.0015	0.0015353	0	0.003	4123.91	4675.05	2	9422	
0.8	0.9	1	31	5	3	1	58	3	122	0.00121786	0.0015776	0	0.003	40.6667	33.546	2	62	
0.8	0.9	1	32	27	3	11	4479	11	4479	0.00136364	0.0015667	0	0.003	407.182	669.497	2	1449	
0.8	0.9	5	33	19	3	21	28703	110	65579	0.000912986	0.00109191	0	0.003	596.173	723.327	2	4398	
0.8	0.9	1	34	8	3	9	72279	9	72279	0.003	0	0.003	0.003	8031	2086.5	5249	9422	
0.8	0.9	2	35	29	3	21	34364	106	71030	0.00090694	0.00112355	0	0.003	670.094	814.709	2	4143	
0.8	0.9	1	36	67	3	2	120	3	122	0.002	0.00173205	0	0.003	40.6667	33.546	2	62	
0.8	0.9	5	37	4	3	20	27662	112	74071	0.000859438	0.00108863	0	0.003	661.348	729.466	2	3751	
0.8	0.9	1	39	25	3	4	124	4	124	0.0015	0.00173205	0	0.003	31	33.5261	2	62	
0.8	0.9	3	40	14	3	17	15554	62	25716	0.00101613	0.00122655	0	0.003	414.774	470.857	2	1449	
0.8	0.9	1	41	9	3	22	90726	22	90726	0.0015	0.0015353	0	0.003	4123.91	4675.05	2	9422	
0.8	0.9	1	43	13	3	2	120	3	122	0.002	0.00173205	0	0.003	40.6667	33.546	2	62	
0.8	0.9	1	44	46	3	17	14618	17	14618	0.00141176	0.00154349	0	0.003	859.882	1447.88	2	4342	
0.8	0.9	1	46	26	3	19	163876	19	163876	0.003	0	0.003	0.003	8625.05	1957.13	2626	9422	
0.8	0.9	1	47	53	3	1	62	1	62	0.003	0	0.003	0.003	62	0	62	62	
0.8	0.9	1	48	50	3	4	124	4	124	0.0015	0.00173205	0	0.003	31	33.5261	2	62	
0.8	0.9	1	49	61	3	21	81304	21	81304	0.00142857	0.0015353	0	0.003	3871.62	4634.49	2	9422	
0.8	0.9	1	50	65	3	10	77766	10	77766	0.003	0	0.003	0.003	7776.6	2857.62	1314	9422	
0.8	0.9	1	51	30	3	3	122	3	122	0.002	0.00173205	0	0.003	40.6667	33.546	2	62	
0.8	0.9	1	52	57	3	4	124	4	124	0.0015	0.00173205	0	0.003	31	33.5261	2	62	
0.8	0.9	1	53	22	3	22	90726	22	90726	0.0015	0.0015353	0	0.003	4123.91	4675.05	2	9422	
0.8	0.9	1	55	44	3	18	50797	18	50797	0.00166667	0.00153393	0	0.003	2822.06	4147.7	2	9422	
0.8	0.9	5	57	8	3	21	29037	103	65184	0.000915741	0.00113118	0	0.003	632.854	688.775	2	2896	
0.8	0.9	1	58	16	3	2	5251	6	6578	0.0011369	0.00091652	0.00065357	0.003	1096.33	707.452	544	2318	
0.8	0.9	1	60	47	3	7	4411	9	4475	0.00140992	0.00152415	0	0.003	497.222	714.227	2	1449	
0.8	0.9	1	62	32	3	13	112828	13	112828	0.003	0	0.003	0.003	8679.08	1833.12	3937	9422	
0.8	0.9	3	63	10	3	21	28062	97	76950	0.000947311	0.0011672	0	0.003	793.299	834.214	2	3552	
