% start	end	CellId	IMSI	RNTI	LCID	nTxPDUs	TxBytes	nRxPDUs	RxBytes	delay	stdDev	min	max	PduSize	stdDev	min	max
0.2	0.3	1	1	63	3	1	58	1	58	0.0119286	0	0.0119286	0.0119286	58	0	58	58	
0.2	0.3	1	3	51	3	1	58	1	58	0.0119286	0	0.0119286	0.0119286	58	0	58	58	
0.2	0.3	1	4	6	3	1	58	1	58	0.0119286	0	0.0119286	0.0119286	58	0	58	58	
0.2	0.3	1	5	52	3	12	796	12	796	0.00248575	0.000354718	0.00192144	0.00272507	66.3333	5.7735	54	70	
0.2	0.3	1	7	33	3	14	920	10	656	0.00209501	0.000242495	0.00192144	0.00276786	65.6	6.09554	54	70	
0.2	0.3	1	8	2	3	4	236	4	236	0.00192947	6.22938e-05	0.00188572	0.00201787	59	3.82971	54	62	
0.2	0.3	1	9	11	3	24	1524	24	1524	0.0019216	0.000127309	0.00153573	0.00210716	63.5	7.89606	54	78	
0.2	0.3	1	11	23	3	1	58	1	58	0.00192144	0	0.00192144	0.00192144	58	0	58	58	
0.2	0.3	1	12	69	3	1	58	1	58	0.00192144	0	0.00192144	0.00192144	58	0	58	58	
0.2	0.3	1	13	58	3	13	834	13	834	0.00187337	0.000187937	0.00151787	0.00226786	64.1538	6.24294	54	78	
0.2	0.3	1	15	1	3	1	58	1	58	0.00203572	0	0.00203572	0.00203572	58	0	58	58	
0.2	0.3	1	16	24	3	1	58	1	58	0.00192144	0	0.00192144	0.00192144	58	0	58	58	
0.2	0.3	1	17	45	3	1	58	1	58	0.0119286	0	0.0119286	0.0119286	58	0	58	58	
0.2	0.3	1	19	54	3	1	58	1	58	0.00192144	0	0.00192144	0.00192144	58	0	58	58	
0.2	0.3	1	20	15	3	1	58	1	58	0.0119286	0	0.0119286	0.0119286	58	0	58	58	
0.2	0.3	1	21	64	3	12	740	7	430	0.00193777	0.000223538	0.00162503	0.00210717	61.4286	1.51186	58	62	
0.2	0.3	1	23	40	3	1	58	1	58	0.00192144	0	0.00192144	0.00192144	58	0	58	58	
0.2	0.3	1	24	55	3	1	58	1	58	0.00205358	0	0.00205358	0.00205358	58	0	58	58	
0.2	0.3	1	25	68	3	12	820	12	820	0.00191491	0.000218319	0.00158931	0.00251787	68.3333	8.60585	54	78	
0.2	0.3	1	27	41	3	1	58	1	58	0.0119286	0	0.0119286	0.0119286	58	0	58	58	
0.2	0.3	1	28	12	3	1	58	1	58	0.00417144	0	0.00417144	0.00417144	58	0	58	58	
0.2	0.3	1	29	19	3	7	382	1	58	0.0119286	0	0.0119286	0.0119286	58	0	58	58	
0.2	0.3	1	31	5	3	1	58	1	58	0.00201787	0	0.00201787	0.00201787	58	0	58	58	
0.2	0.3	1	32	27	3	1	58	1	58	0.0119286	0	0.0119286	0.0119286	58	0	58	58	
0.2	0.3	1	33	42	3	20	1212	18	1104	0.00239169	0.000466656	0.00198215	0.00338573	61.3333	7.02935	54	70	
0.2	0.3	1	35	29	3	18	1232	18	1232	0.00224625	0.000319802	0.00198215	0.00263577	68.4444	9.41977	54	78	
0.2	0.3	1	36	67	3	1	58	1	58	0.00192144	0	0.00192144	0.00192144	58	0	58	58	
0.2	0.3	1	37	16	3	27	1782	27	1782	0.00231338	0.000420853	0.00164287	0.00285718	66	7.60567	54	78	
0.2	0.3	1	39	25	3	1	58	1	58	0.0119286	0	0.0119286	0.0119286	58	0	58	58	
0.2	0.3	1	40	14	3	1	58	1	58	0.00192144	0	0.00192144	0.00192144	58	0	58	58	
0.2	0.3	1	41	9	3	7	382	1	58	0.0119286	0	0.0119286	0.0119286	58	0	58	58	
0.2	0.3	1	43	13	3	1	58	1	58	0.00192144	0	0.00192144	0.00192144	58	0	58	58	
0.2	0.3	1	44	46	3	1	58	1	58	0.0119286	0	0.0119286	0.0119286	58	0	58	58	
0.2	0.3	1	45	28	3	1	58	1	58	0.0119286	0	0.0119286	0.0119286	58	0	58	58	
0.2	0.3	1	47	53	3	1	58	0	0	0	0	0	0	0	0	0	0	
0.2	0.3	1	48	50	3	1	58	1	58	0.0119286	0	0.0119286	0.0119286	58	0	58	58	
0.2	0.3	1	49	61	3	1	58	1	58	0.0119286	0	0.0119286	0.0119286	58	0	58	58	
0.2	0.3	1	51	30	3	1	58	0	0	0	0	0	0	0	0	0	0	
0.2	0.3	1	52	57	3	1	58	1	58	0.0119286	0	0.0119286	0.0119286	58	0	58	58	
0.2	0.3	1	53	22	3	1	58	1	58	0.0119286	0	0.0119286	0.0119286	58	0	58	58	
0.2	0.3	1	55	44	3	1	58	1	58	0.0119286	0	0.0119286	0.0119286	58	0	58	58	
0.2	0.3	1	56	34	3	1	58	1	58	0.00192144	0	0.00192144	0.00192144	58	0	58	58	
0.2	0.3	1	57	59	3	12	772	12	772	0.00685449	0.00525773	0.00150003	0.0118858	64.3333	6.48541	54	70	
0.2	0.3	1	59	60	3	1	58	1	58	0.00205358	0	0.00205358	0.00205358	58	0	58	58	
0.2	0.3	1	60	47	3	1	58	1	58	0.00203572	0	0.00203572	0.00203572	58	0	58	58	
0.2	0.3	1	61	66	3	12	772	12	772	0.00197979	2.61669e-05	0.00192144	0.00203572	64.3333	6.48541	54	70	
0.2	0.3	1	63	10	3	4	220	1	58	0.0299214	0	0.0299214	0.0299214	58	0	58	58	
0.3	0.4	1	1	63	3	6	324	6	324	0.0119286	0	0.0119286	0.0119286	54	0	54	54	
0.3	0.4	1	5	52	3	12	648	12	648	0.0119286	0	0.0119286	0.0119286	54	0	54	54	
0.3	0.4	1	7	33	3	18	1156	22	1420	0.0205598	0.0156321	0.00253574	0.0629286	64.5455	6.2391	54	78	
0.3	0.4	1	9	11	3	22	1348	22	1348	0.00202388	0.000291112	0.00188572	0.00273217	61.2727	6.48942	54	70	
0.3	0.4	1	13	58	3	25	1550	25	1550	0.00232545	0.00201276	0.0014643	0.0119643	62	6.9282	54	78	
0.3	0.4	1	15	1	3	7	394	7	394	0.00205307	0.000318693	0.00187502	0.00275001	56.2857	3.9036	54	62	
0.3	0.4	1	17	45	3	14	756	6	324	0.0119286	0	0.0119286	0.0119286	54	0	54	54	
0.3	0.4	1	21	64	3	10	572	15	882	0.00836121	0.00911065	0.00188572	0.0266429	58.8	5.89431	54	70	
0.3	0.4	1	25	68	3	23	1450	23	1450	0.00228232	0.000374553	0.00189287	0.00269647	63.0435	8.10992	54	78	
0.3	0.4	1	29	19	3	8	432	14	756	0.0119286	0	0.0119286	0.0119286	54	0	54	54	
0.3	0.4	1	33	42	3	20	1216	18	1068	0.00365041	0.00463277	0.00173215	0.0185536	59.3333	5.48795	54	70	
0.3	0.4	1	35	29	3	22	1332	22	1332	0.0021057	0.000295898	0.00188572	0.00263576	60.5455	5.31599	54	70	
0.3	0.4	1	37	16	3	16	928	16	928	0.00205827	0.000239712	0.00188572	0.00265359	58	4.13118	54	62	
0.3	0.4	1	40	14	3	8	464	8	464	0.00217055	0.000308634	0.00188572	0.00263573	58	4.27618	54	62	
0.3	0.4	1	41	9	3	8	432	14	756	0.0119286	0	0.0119286	0.0119286	54	0	54	54	
0.3	0.4	1	45	28	3	14	756	6	324	0.0119286	0	0.0119286	0.0119286	54	0	54	54	
0.3	0.4	1	49	61	3	14	756	14	756	0.0119286	0	0.0119286	0.0119286	54	0	54	54	
0.3	0.4	1	51	30	3	2	116	2	116	0.0879286	0	0.0879286	0.0879286	58	0	58	58	
0.3	0.4	1	53	22	3	14	756	14	756	0.0121429	0.000425815	0.0119286	0.0129286	54	0	54	54	
0.3	0.4	1	57	59	3	19	1138	17	1022	0.00202439	0.000377773	0.00148215	0.00263575	60.1176	7.2274	54	70	
0.3	0.4	1	61	66	3	21	1254	21	1254	0.0184752	0.00681933	0.0119286	0.0317929	59.7143	7.21902	54	70	
0.3	0.4	1	63	10	3	17	998	16	952	0.0188346	0.00569375	0.0125107	0.0278572	59.5	4.81664	54	70	
0.4	0.5	1	1	63	3	16	864	16	864	0.0119286	0	0.0119286	0.0119286	54	0	54	54	
0.4	0.5	1	5	52	3	8	432	8	432	0.0119286	0	0.0119286	0.0119286	54	0	54	54	
0.4	0.5	1	7	33	3	6	324	6	324	0.0119286	0	0.0119286	0.0119286	54	0	54	54	
0.4	0.5	1	9	11	3	14	860	14	860	0.00209721	0.000267528	0.00188572	0.00275001	61.4286	5.84037	54	70	
0.4	0.5	1	13	58	3	13	734	13	734	0.0277162	0.0262725	0.00200001	0.063275	56.4615	3.84308	54	62	
0.4	0.5	1	15	1	3	40	2488	40	2488	0.00207011	0.000433678	0.00138574	0.00275001	62.2	6.65332	54	78	
0.4	0.5	1	17	45	3	16	864	16	864	0.0119286	0	0.0119286	0.0119286	54	0	54	54	
0.4	0.5	1	21	64	3	17	1030	17	1030	0.0022038	0.000388935	0.00150003	0.00268932	60.5882	5.82086	54	70	
0.4	0.5	1	25	68	3	11	650	11	650	0.00190423	0.000140392	0.00163573	0.00200002	59.0909	5.3936	54	70	
0.4	0.5	1	28	12	3	5	270	3	162	0.0104357	0.0140485	0.00201787	0.0266536	54	0	54	54	
0.4	0.5	1	29	19	3	16	864	16	864	0.0119286	0	0.0119286	0.0119286	54	0	54	54	
0.4	0.5	1	33	42	3	14	828	18	1084	0.0044639	0.00452438	0.00188572	0.0126715	60.2222	5.17409	54	70	
0.4	0.5	1	35	29	3	14	844	12	712	0.00259703	0.00162911	0.00165359	0.00743929	59.3333	3.93893	54	62	
0.4	0.5	1	37	16	3	11	618	7	386	0.00189083	0.000176569	0.00150002	0.00198216	55.1429	3.02372	54	62	
0.4	0.5	1	40	14	3	5	286	5	286	0.0019793	0.000191372	0.00175001	0.00217859	57.2	4.38178	54	62	
0.4	0.5	1	41	9	3	16	864	16	864	0.0119286	0	0.0119286	0.0119286	54	0	54	54	
0.4	0.5	1	45	28	3	16	864	16	864	0.0119286	0	0.0119286	0.0119286	54	0	54	54	
0.4	0.5	1	49	61	3	16	864	16	864	0.0119286	0	0.0119286	0.0119286	54	0	54	54	
0.4	0.5	1	53	22	3	16	864	16	864	0.0119286	0	0.0119286	0.0119286	54	0	54	54	
0.4	0.5	1	57	59	3	9	518	11	634	0.00222826	0.000395851	0.00173216	0.00273216	57.6364	4.17786	54	62	
0.4	0.5	1	61	66	3	16	864	16	864	0.0119286	0	0.0119286	0.0119286	54	0	54	54	
0.4	0.5	1	63	10	3	13	774	13	766	0.0266352	0.000939003	0.0249393	0.0278215	58.9231	5.20355	54	70	
0.5	0.6	1	1	63	3	16	864	16	864	0.0119286	0	0.0119286	0.0119286	54	0	54	54	
0.5	0.6	1	5	52	3	8	432	8	432	0.0119286	0	0.0119286	0.0119286	54	0	54	54	
0.5	0.6	1	7	33	3	4	216	2	108	0.0119286	0	0.0119286	0.0119286	54	0	54	54	
0.5	0.6	1	9	11	3	10	588	10	588	0.00207073	0.000379877	0.00166072	0.00278572	58.8	4.13118	54	62	
0.5	0.6	1	13	58	3	9	510	9	510	0.00219564	0.000390706	0.00190358	0.00275001	56.6667	4	54	62	
0.5	0.6	1	15	1	3	22	1404	22	1404	0.00199726	0.000410429	0.00138573	0.00273215	63.8182	9.85435	54	78	
0.5	0.6	1	17	45	3	8	432	16	864	0.0119286	0	0.0119286	0.0119286	54	0	54	54	
0.5	0.6	1	20	15	3	3	162	3	162	0.0119286	0	0.0119286	0.0119286	54	0	54	54	
0.5	0.6	1	21	64	3	12	672	12	680	0.00233186	0.000354425	0.00188572	0.00273216	56.6667	3.93893	54	62	
0.5	0.6	1	25	68	3	13	790	13	790	0.00984507	0.0103431	0.00162501	0.0227679	60.7692	5.5099	54	70	
0.5	0.6	1	28	12	3	5	278	7	386	0.00676481	0.00785358	0.00188572	0.0188036	55.1429	3.02372	54	62	
0.5	0.6	1	29	19	3	16	864	16	864	0.0119286	0	0.0119286	0.0119286	54	0	54	54	
0.5	0.6	1	33	42	3	11	642	11	642	0.00217599	0.000298957	0.00188572	0.00263573	58.3636	4.17786	54	62	
0.5	0.6	1	35	29	3	14	860	14	868	0.00703471	0.00832316	0.00188572	0.0255536	62	5.43493	54	70	
0.5	0.6	1	37	16	3	8	448	11	626	0.00229969	0.000352599	0.00188572	0.00275001	56.9091	4.0362	54	62	
0.5	0.6	1	40	14	3	7	410	7	410	0.00890256	0.00710387	0.00192144	0.0165357	58.5714	4.27618	54	62	
0.5	0.6	1	41	9	3	16	864	16	864	0.0119286	0	0.0119286	0.0119286	54	0	54	54	
0.5	0.6	1	44	46	3	3	162	3	162	0.0119286	0	0.0119286	0.0119286	54	0	54	54	
0.5	0.6	1	45	28	3	8	432	16	864	0.0119286	0	0.0119286	0.0119286	54	0	54	54	
0.5	0.6	1	49	61	3	16	864	8	432	0.0119286	0	0.0119286	0.0119286	54	0	54	54	
0.5	0.6	1	53	22	3	16	864	16	864	0.0119286	0	0.0119286	0.0119286	54	0	54	54	
0.5	0.6	1	55	44	3	13	702	13	702	0.0103132	0.0030697	0.00492857	0.0119286	54	0	54	54	
0.5	0.6	1	57	59	3	10	556	10	556	0.00193144	6.02044e-05	0.00188572	0.00201787	55.6	3.3731	54	62	
0.5	0.6	1	61	66	3	16	864	16	864	0.0119286	0	0.0119286	0.0119286	54	0	54	54	
0.5	0.6	1	63	10	3	9	526	10	588	0.0241864	0.00574614	0.0138322	0.0285536	58.8	5.59365	54	70	
0.6	0.7	1	1	63	3	16	864	8	432	0.0119286	0	0.0119286	0.0119286	54	0	54	54	
0.6	0.7	1	5	52	3	4	216	4	216	0.0119286	0	0.0119286	0.0119286	54	0	54	54	
0.6	0.7	1	7	33	3	2	108	4	216	0.0119286	0	0.0119286	0.0119286	54	0	54	54	
0.6	0.7	1	9	11	3	12	720	8	464	0.00874644	0.0097974	0.00200001	0.0244393	58	4.27618	54	62	
0.6	0.7	1	13	58	3	8	464	8	464	0.0019576	7.32766e-05	0.00188572	0.00205358	58	4.27618	54	62	
0.6	0.7	1	15	1	3	12	696	12	696	0.00190418	0.000304803	0.00163573	0.00275001	58	4.17786	54	62	
0.6	0.7	1	17	45	3	8	432	8	432	0.0119286	0	0.0119286	0.0119286	54	0	54	54	
0.6	0.7	1	20	15	3	3	162	3	162	0.0119286	0	0.0119286	0.0119286	54	0	54	54	
0.6	0.7	1	21	64	3	4	216	5	270	0.00210429	0.000301436	0.00188572	0.00263572	54	0	54	54	
0.6	0.7	1	25	68	3	10	580	10	580	0.00192537	4.462e-05	0.00188572	0.00198216	58	5.65685	54	70	
0.6	0.7	1	28	12	3	5	270	5	270	0.00210144	0.000307138	0.00190358	0.00263572	54	0	54	54	
0.6	0.7	1	29	19	3	8	432	8	432	0.0119286	0	0.0119286	0.0119286	54	0	54	54	
0.6	0.7	1	33	42	3	7	402	7	402	0.00215409	0.000408396	0.00188572	0.00275001	57.4286	4.27618	54	62	
0.6	0.7	1	35	29	3	13	790	13	790	0.00193298	5.3454e-05	0.00188572	0.00200001	60.7692	5.5099	54	70	
0.6	0.7	1	37	16	3	9	518	9	518	0.00236588	0.000348975	0.00200001	0.00275001	57.5556	4.21637	54	62	
0.6	0.7	1	40	14	3	7	410	5	294	0.00459215	0.00550688	0.00192144	0.0144214	58.8	4.38178	54	62	
0.6	0.7	1	41	9	3	8	432	8	432	0.0119286	0	0.0119286	0.0119286	54	0	54	54	
0.6	0.7	1	44	46	3	3	162	3	162	0.0119286	0	0.0119286	0.0119286	54	0	54	54	
0.6	0.7	1	45	28	3	16	864	16	864	0.0119286	0	0.0119286	0.0119286	54	0	54	54	
0.6	0.7	1	49	61	3	8	432	16	864	0.0119286	0	0.0119286	0.0119286	54	0	54	54	
0.6	0.7	1	53	22	3	8	432	8	432	0.0119286	0	0.0119286	0.0119286	54	0	54	54	
0.6	0.7	1	55	44	3	18	972	9	486	0.0119286	0	0.0119286	0.0119286	54	0	54	54	
0.6	0.7	1	57	59	3	10	588	10	588	0.00233358	0.000390245	0.00188572	0.00275001	58.8	5.59365	54	70	
0.6	0.7	1	61	66	3	8	432	8	432	0.0119286	0	0.0119286	0.0119286	54	0	54	54	
0.6	0.7	1	63	10	3	6	332	7	386	0.0126439	0.0106247	0.00190358	0.0270357	55.1429	3.02372	54	62	
0.7	0.8	1	1	63	3	8	432	16	864	0.0119286	0	0.0119286	0.0119286	54	0	54	54	
0.7	0.8	1	5	52	3	8	432	4	216	0.0119286	0	0.0119286	0.0119286	54	0	54	54	
0.7	0.8	1	7	33	3	4	216	2	108	0.0119286	0	0.0119286	0.0119286	54	0	54	54	
0.7	0.8	1	9	11	3	10	588	11	666	0.0107705	0.0122102	0.00146429	0.0263393	60.5455	6.00606	54	70	
0.7	0.8	1	13	58	3	7	410	7	410	0.00197042	7.91296e-05	0.00188572	0.00207144	58.5714	4.27618	54	62	
0.7	0.8	1	15	1	3	11	658	11	658	0.00203768	0.000347906	0.00175002	0.00273216	59.8182	6.28996	54	70	
0.7	0.8	1	16	24	3	4	224	4	224	0.00196519	9.87331e-05	0.00188572	0.0020893	56	4	54	62	
0.7	0.8	1	17	45	3	16	864	8	432	0.0119286	0	0.0119286	0.0119286	54	0	54	54	
0.7	0.8	1	20	15	3	3	162	3	162	0.0119286	0	0.0119286	0.0119286	54	0	54	54	
0.7	0.8	1	21	64	3	11	642	10	588	0.00197323	7.35085e-05	0.00188572	0.0020536	58.8	4.13118	54	62	
0.7	0.8	1	23	40	3	8	456	4	224	0.00235804	0.000426197	0.00190358	0.00276786	56	4	54	62	
0.7	0.8	1	25	68	3	7	402	7	402	0.00746175	0.00783349	0.00192144	0.0228214	57.4286	4.27618	54	62	
0.7	0.8	1	28	12	3	5	286	4	232	0.00891162	0.0121621	0.00263572	0.0271536	58	4.6188	54	62	
0.7	0.8	1	29	19	3	16	864	16	864	0.0119286	0	0.0119286	0.0119286	54	0	54	54	
0.7	0.8	1	32	27	3	3	162	3	162	0.0119286	0	0.0119286	0.0119286	54	0	54	54	
0.7	0.8	1	33	42	3	8	448	8	448	0.00195179	7.44018e-05	0.00188572	0.00207144	56	3.70328	54	62	
0.7	0.8	1	35	29	3	12	704	12	704	0.00237412	0.0004507	0.00188572	0.00325001	58.6667	4.11943	54	62	
0.7	0.8	1	37	16	3	11	690	11	690	0.00544059	0.00675272	0.00188572	0.0219393	62.7273	7.55104	54	78	
0.7	0.8	1	40	14	3	4	224	6	340	0.0143155	0.0127203	0.00267144	0.0259393	56.6667	4.13118	54	62	
0.7	0.8	1	41	9	3	16	864	16	864	0.0119286	0	0.0119286	0.0119286	54	0	54	54	
0.7	0.8	1	44	46	3	5	270	5	270	0.0119286	0	0.0119286	0.0119286	54	0	54	54	
0.7	0.8	1	45	28	3	8	432	8	432	0.0119286	0	0.0119286	0.0119286	54	0	54	54	
0.7	0.8	1	49	61	3	8	432	8	432	0.0119286	0	0.0119286	0.0119286	54	0	54	54	
0.7	0.8	1	53	22	3	16	864	16	864	0.0119286	0	0.0119286	0.0119286	54	0	54	54	
0.7	0.8	1	55	44	3	10	540	19	1026	0.0119286	0	0.0119286	0.0119286	54	0	54	54	
0.7	0.8	1	57	59	3	7	410	7	410	0.00205817	0.000310889	0.00188572	0.00275001	58.5714	4.27618	54	62	
0.7	0.8	1	60	47	3	3	162	2	108	0.0119286	0	0.0119286	0.0119286	54	0	54	54	
0.7	0.8	1	61	66	3	8	432	8	432	0.0119286	0	0.0119286	0.0119286	54	0	54	54	
0.7	0.8	1	63	10	3	13	814	13	814	0.0021176	0.00131709	0.00138572	0.00640358	62.6154	6.89853	54	70	
0.8	0.9	1	1	63	3	8	432	8	432	0.0119286	0	0.0119286	0.0119286	54	0	54	54	
0.8	0.9	1	7	33	3	2	108	4	216	0.0119286	0	0.0119286	0.0119286	54	0	54	54	
0.8	0.9	1	9	11	3	8	480	11	658	0.00195164	6.66687e-05	0.00190358	0.00203573	59.8182	5.17336	54	70	
0.8	0.9	1	12	69	3	3	162	3	162	0.0119286	0	0.0119286	0.0119286	54	0	54	54	
0.8	0.9	1	13	58	3	10	604	10	604	0.00212251	0.00029295	0.00193929	0.00267144	60.4	5.05964	54	70	
0.8	0.9	1	15	1	3	10	556	10	556	0.00225787	0.000325607	0.00198215	0.00263573	55.6	3.3731	54	62	
0.8	0.9	1	16	24	3	6	332	6	332	0.00208394	0.000280847	0.00188572	0.00263572	55.3333	3.26599	54	62	
0.8	0.9	1	20	15	3	6	324	6	324	0.0119286	0	0.0119286	0.0119286	54	0	54	54	
0.8	0.9	1	21	64	3	8	472	8	472	0.0024326	0.000564832	0.00188572	0.00342144	59	4.14039	54	62	
0.8	0.9	1	23	40	3	31	2002	35	2234	0.00434431	0.00596127	0.00192144	0.0226607	63.8286	7.7819	54	78	
0.8	0.9	1	25	68	3	8	456	7	402	0.00197654	8.58863e-05	0.00188572	0.0020536	57.4286	4.27618	54	62	
0.8	0.9	1	27	41	3	5	270	5	270	0.00772857	0.00383406	0.00492857	0.0119286	54	0	54	54	
0.8	0.9	1	28	12	3	5	278	5	278	0.0152864	0.00811525	0.00528572	0.0256536	55.6	3.57771	54	62	
0.8	0.9	1	29	19	3	8	432	0	0	0	0	0	0	0	0	0	0	
0.8	0.9	1	32	27	3	2	108	2	108	0.0119286	0	0.0119286	0.0119286	54	0	54	54	
0.8	0.9	1	33	42	3	9	494	9	494	0.0315337	0.0248235	0.00198215	0.0660714	54.8889	2.66667	54	62	
0.8	0.9	1	35	29	3	8	472	8	472	0.00201787	0.000254799	0.00188572	0.00263572	59	4.14039	54	62	
0.8	0.9	1	37	16	3	10	604	10	604	0.00222108	0.000375143	0.00190358	0.00278573	60.4	6.31049	54	70	
0.8	0.9	1	40	14	3	6	332	4	216	0.00190537	4.71565e-05	0.0018393	0.0019393	54	0	54	54	
0.8	0.9	1	41	9	3	8	432	0	0	0	0	0	0	0	0	0	0	
0.8	0.9	1	44	46	3	4	216	0	0	0	0	0	0	0	0	0	0	
0.8	0.9	1	45	28	3	8	432	8	432	0.0119286	0	0.0119286	0.0119286	54	0	54	54	
0.8	0.9	1	49	61	3	8	432	8	432	0.0119286	0	0.0119286	0.0119286	54	0	54	54	
0.8	0.9	1	53	22	3	8	432	0	0	0	0	0	0	0	0	0	0	
0.8	0.9	1	55	44	3	10	540	10	540	0.0119286	0	0.0119286	0.0119286	54	0	54	54	
0.8	0.9	1	57	59	3	8	448	8	448	0.00231028	0.000359983	0.00188572	0.00265359	56	3.70328	54	62	
0.8	0.9	1	60	47	3	2	108	3	162	0.0119286	0	0.0119286	0.0119286	54	0	54	54	
0.8	0.9	1	61	66	3	8	432	8	432	0.0119286	0	0.0119286	0.0119286	54	0	54	54	
0.8	0.9	1	63	10	3	11	634	10	572	0.00367787	0.00513807	0.00192144	0.0182857	57.2	5.59365	54	70	
