% time	cellId	IMSI	RNTI	layer	mcs	size	rv	ndi	correct	ccId
226	1	0	6	0	0	349	0	1	1	0
227	1	0	9	0	0	349	0	1	1	0
228	1	0	10	0	0	349	0	1	1	0
229	1	0	11	0	0	349	0	1	1	0
230	1	0	12	0	0	349	0	1	1	0
231	1	0	13	0	0	349	0	1	1	0
232	1	0	14	0	0	349	0	1	1	0
233	1	0	15	0	0	349	0	1	1	0
234	1	0	19	0	0	349	0	1	1	0
235	1	0	22	0	0	349	0	1	1	0
236	1	0	23	0	0	349	0	1	1	0
237	1	0	24	0	0	349	0	1	1	0
238	1	0	25	0	0	349	0	1	1	0
239	1	0	27	0	0	349	0	1	1	0
240	1	0	28	0	28	9422	0	1	1	0
241	1	0	30	0	28	9422	0	1	1	0
242	1	0	34	0	28	9422	0	1	1	0
243	1	0	40	0	28	9422	0	1	1	0
244	1	0	41	0	28	9422	0	1	1	0
245	1	0	44	0	28	9422	0	1	1	0
246	1	0	45	0	28	9422	0	1	1	0
247	1	0	46	0	28	9422	0	1	1	0
248	1	0	50	0	28	9422	0	1	1	0
249	1	0	51	0	28	9422	0	1	1	0
250	1	0	52	0	28	9422	0	1	1	0
251	1	0	1	0	0	349	0	1	1	0
252	1	0	5	0	0	349	0	1	1	0
253	1	0	16	0	0	349	0	1	1	0
254	1	0	6	0	0	173	0	1	1	0
254	1	0	33	0	28	4587	0	1	1	0
255	1	0	9	0	0	173	0	1	1	0
255	1	0	42	0	28	4587	0	1	1	0
256	1	0	6	0	0	173	0	1	0	0
256	1	0	47	0	28	4587	0	1	1	0
257	1	0	9	0	0	173	0	1	0	0
257	1	0	53	0	28	4587	0	1	1	0
258	1	0	54	0	28	9422	0	1	1	0
259	1	0	55	0	28	9422	0	1	1	0
260	1	0	57	0	28	9422	0	1	1	0
261	1	0	15	0	0	173	0	1	1	0
261	1	0	58	0	28	4587	0	1	1	0
262	1	0	19	0	0	173	0	1	1	0
262	1	0	59	0	28	4587	0	1	1	0
263	1	0	15	0	0	113	0	1	0	0
263	1	0	22	0	0	113	0	1	1	0
263	1	0	60	0	28	3062	0	1	1	0
264	1	0	19	0	0	173	0	1	0	0
264	1	0	61	0	28	4587	0	1	1	0
265	1	0	22	0	0	173	0	1	0	0
265	1	0	63	0	28	4587	0	1	1	0
266	1	0	25	0	0	173	0	1	1	0
266	1	0	64	0	28	4587	0	1	1	0
267	1	0	27	0	0	173	0	1	1	0
267	1	0	29	0	28	4587	0	1	1	0
268	1	0	25	0	0	113	0	1	0	0
268	1	0	28	0	28	3062	0	1	1	0
268	1	0	66	0	28	3062	0	1	1	0
269	1	0	27	0	0	173	0	1	0	0
269	1	0	67	0	28	4587	0	1	1	0
270	1	0	28	0	28	4587	0	1	0	0
270	1	0	68	0	28	4587	0	1	1	0
271	1	0	69	0	28	9422	0	1	1	0
272	1	0	41	0	28	9422	0	1	1	0
273	1	0	44	0	28	9422	0	1	1	0
274	1	0	11	0	0	113	0	1	1	0
274	1	0	41	0	28	3062	0	1	0	0
274	1	0	45	0	28	3062	0	1	1	0
275	1	0	13	0	0	113	0	1	1	0
275	1	0	44	0	28	3062	0	1	0	0
275	1	0	46	0	28	3062	0	1	1	0
276	1	0	45	0	28	4587	0	1	0	0
276	1	0	50	0	28	4587	0	1	1	0
277	1	0	46	0	28	4587	0	1	0	0
277	1	0	51	0	28	4587	0	1	1	0
279	1	0	24	0	0	173	0	1	1	0
279	1	0	51	0	28	4587	0	1	0	0
283	1	0	40	0	28	9422	0	1	1	0
288	1	0	57	0	28	9422	0	1	1	0
290	1	0	2	0	0	173	0	1	1	0
290	1	0	57	0	28	4587	0	1	0	0
291	1	0	52	0	28	9422	0	1	1	0
292	1	0	16	0	0	173	0	1	1	0
292	1	0	61	0	28	4587	0	1	0	0
293	1	0	33	0	28	4587	0	1	1	0
293	1	0	63	0	28	4587	0	1	1	0
294	1	0	42	0	28	4587	0	1	1	0
294	1	0	61	0	28	4587	0	1	0	0
295	1	0	54	0	28	4587	0	1	1	0
295	1	0	63	0	28	4587	0	1	0	0
297	1	0	58	0	28	9422	0	1	1	0
298	1	0	59	0	28	9422	0	1	1	0
300	1	0	10	0	0	349	0	1	1	0
302	1	0	64	0	28	9422	0	1	1	0
303	1	0	29	0	28	9422	0	1	1	0
304	1	0	66	0	28	9422	0	1	1	0
305	1	0	67	0	28	9422	0	1	1	0
306	1	0	68	0	28	9422	0	1	1	0
307	1	0	6	0	0	349	0	1	1	0
308	1	0	9	0	0	349	0	1	1	0
309	1	0	9	0	0	173	0	1	0	0
309	1	0	11	0	0	173	0	1	1	0
310	1	0	15	0	0	349	0	1	1	0
311	1	0	19	0	0	349	0	1	1	0
312	1	0	19	0	0	173	0	1	0	0
312	1	0	22	0	0	173	0	1	1	0
313	1	0	22	0	0	349	0	1	1	0
315	1	0	66	0	28	9422	0	1	1	0
317	1	0	30	0	28	9422	0	1	1	0
321	1	0	10	0	0	349	0	1	1	0
323	1	0	52	0	28	9422	0	1	1	0
324	1	0	16	0	0	349	0	1	1	0
325	1	0	33	0	28	9422	0	1	1	0
326	1	0	42	0	28	9422	0	1	1	0
328	1	0	58	0	28	9422	0	1	1	0
329	1	0	59	0	28	9422	0	1	1	0
330	1	0	61	0	28	9422	0	1	1	0
331	1	0	14	0	0	349	0	1	1	0
334	1	0	64	0	28	9422	0	1	1	0
335	1	0	29	0	28	9422	0	1	1	0
337	1	0	68	0	28	9422	0	1	1	0
339	1	0	11	0	28	4587	0	1	1	0
339	1	0	19	0	0	173	0	1	0	0
342	1	0	22	0	0	173	0	1	0	0
342	1	0	25	0	0	173	0	1	1	0
343	1	0	27	0	0	349	0	1	1	0
344	1	0	28	0	28	9422	0	1	1	0
345	1	0	41	0	28	9422	0	1	1	0
346	1	0	44	0	28	9422	0	1	1	0
347	1	0	45	0	28	9422	0	1	1	0
348	1	0	46	0	28	9422	0	1	1	0
349	1	0	50	0	28	9422	0	1	1	0
350	1	0	10	0	28	9422	0	1	1	0
351	1	0	51	0	28	4587	0	1	1	0
351	1	0	52	0	28	4587	0	1	0	0
353	1	0	16	0	28	9422	0	1	1	0
354	1	0	30	0	28	9422	0	1	1	0
355	1	0	33	0	28	9422	0	1	1	0
356	1	0	42	0	28	9422	0	1	1	0
357	1	0	57	0	28	9422	0	1	1	0
358	1	0	58	0	28	4587	0	1	1	0
358	1	0	61	0	28	4587	0	1	0	0
359	1	0	59	0	28	9422	0	1	1	0
361	1	0	63	0	28	9422	0	1	1	0
362	1	0	64	0	28	9422	0	1	1	0
363	1	0	29	0	28	9422	0	1	1	0
364	1	0	66	0	28	9422	0	1	1	0
365	1	0	14	0	28	9422	0	1	1	0
366	1	0	68	0	28	9422	0	1	1	0
367	1	0	9	0	28	9422	0	1	1	0
368	1	0	11	0	28	9422	0	1	1	0
369	1	0	19	0	28	9422	0	1	1	0
370	1	0	49	0	28	9422	0	1	1	0
372	1	0	22	0	28	4587	0	1	1	0
372	1	0	28	0	28	4587	0	1	0	0
376	1	0	10	0	28	4587	0	1	1	0
376	1	0	33	0	28	4587	0	1	1	0
377	1	0	52	0	28	9422	0	1	1	0
379	1	0	42	0	28	9422	0	1	1	0
380	1	0	16	0	28	9422	0	1	1	0
381	1	0	58	0	28	9422	0	1	1	0
382	1	0	59	0	28	9422	0	1	1	0
383	1	0	61	0	28	9422	0	1	1	0
385	1	0	64	0	28	9422	0	1	1	0
386	1	0	26	0	28	9422	0	1	1	0
389	1	0	4	0	28	9422	0	1	1	0
392	1	0	29	0	28	4587	0	1	1	0
392	1	0	66	0	28	4587	0	1	0	0
394	1	0	1	0	28	9422	0	1	1	0
395	1	0	9	0	28	4587	0	1	0	0
395	1	0	68	0	28	4587	0	1	1	0
397	1	0	11	0	28	4587	0	1	1	0
397	1	0	19	0	28	4587	0	1	0	0
400	1	0	14	0	28	9422	0	1	1	0
402	1	0	49	0	28	9422	0	1	1	0
403	1	0	28	0	28	9422	0	1	1	0
404	1	0	33	0	28	4587	0	1	0	0
404	1	0	45	0	28	4587	0	1	1	0
406	1	0	16	0	28	9422	0	1	1	0
408	1	0	42	0	28	9422	0	1	1	0
409	1	0	58	0	28	9422	0	1	1	0
410	1	0	59	0	28	9422	0	1	1	0
412	1	0	26	0	28	9422	0	1	1	0
413	1	0	63	0	28	9422	0	1	1	0
414	1	0	1	0	28	9422	0	1	1	0
415	1	0	10	0	28	9422	0	1	1	0
416	1	0	64	0	28	9422	0	1	1	0
417	1	0	4	0	28	9422	0	1	1	0
418	1	0	29	0	28	9422	0	1	1	0
419	1	0	66	0	28	9422	0	1	1	0
420	1	0	9	0	28	9422	0	1	1	0
421	1	0	19	0	28	9422	0	1	1	0
422	1	0	22	0	28	9422	0	1	1	0
423	1	0	68	0	28	9422	0	1	1	0
424	1	0	11	0	28	9422	0	1	1	0
425	1	0	49	0	28	9422	0	1	1	0
428	1	0	12	0	28	9422	0	1	1	0
430	1	0	52	0	28	9422	0	1	1	0
431	1	0	33	0	28	9422	0	1	1	0
432	1	0	16	0	28	9422	0	1	1	0
433	1	0	42	0	28	9422	0	1	1	0
434	1	0	58	0	28	9422	0	1	1	0
435	1	0	59	0	28	9422	0	1	1	0
436	1	0	61	0	28	9422	0	1	1	0
437	1	0	26	0	28	9422	0	1	1	0
439	1	0	64	0	28	9422	0	1	1	0
440	1	0	4	0	28	9422	0	1	1	0
441	1	0	10	0	28	9422	0	1	1	0
442	1	0	29	0	28	9422	0	1	1	0
447	1	0	49	0	28	9422	0	1	1	0
448	1	0	28	0	28	9422	0	1	1	0
449	1	0	68	0	28	9422	0	1	1	0
450	1	0	11	0	28	9422	0	1	1	0
451	1	0	1	0	28	9422	0	1	1	0
452	1	0	45	0	28	9422	0	1	1	0
455	1	0	42	0	28	9422	0	1	1	0
457	1	0	26	0	28	9422	0	1	1	0
458	1	0	58	0	28	4587	0	1	1	0
458	1	0	63	0	28	4587	0	1	1	0
459	1	0	64	0	28	9422	0	1	1	0
460	1	0	4	0	28	9422	0	1	1	0
461	1	0	59	0	28	9422	0	1	1	0
462	1	0	12	0	28	9422	0	1	1	0
464	1	0	29	0	28	9422	0	1	1	0
465	1	0	66	0	28	9422	0	1	1	0
466	1	0	10	0	28	9422	0	1	1	0
467	1	0	68	0	28	9422	0	1	1	0
468	1	0	14	0	28	9422	0	1	1	0
469	1	0	9	0	28	9422	0	1	1	0
470	1	0	19	0	28	9422	0	1	1	0
471	1	0	11	0	28	9422	0	1	1	0
472	1	0	7	0	28	9422	0	1	1	0
475	1	0	22	0	28	9422	0	1	1	0
476	1	0	28	0	28	4587	0	1	0	0
476	1	0	49	0	28	4587	0	1	1	0
479	1	0	1	0	28	9422	0	1	1	0
481	1	0	52	0	28	9422	0	1	1	0
482	1	0	33	0	28	9422	0	1	1	0
483	1	0	42	0	28	9422	0	1	1	0
484	1	0	61	0	28	9422	0	1	1	0
485	1	0	16	0	28	9422	0	1	1	0
487	1	0	59	0	28	9422	0	1	1	0
488	1	0	26	0	28	4587	0	1	1	0
488	1	0	63	0	28	4587	0	1	0	0
490	1	0	64	0	28	9422	0	1	1	0
491	1	0	10	0	28	9422	0	1	1	0
492	1	0	4	0	28	9422	0	1	1	0
493	1	0	29	0	28	4587	0	1	1	0
493	1	0	66	0	28	4587	0	1	0	0
495	1	0	68	0	28	9422	0	1	1	0
496	1	0	12	0	28	9422	0	1	1	0
499	1	0	11	0	28	9422	0	1	1	0
501	1	0	49	0	28	9422	0	1	1	0
502	1	0	14	0	28	9422	0	1	1	0
503	1	0	28	0	28	9422	0	1	1	0
504	1	0	7	0	28	9422	0	1	1	0
505	1	0	1	0	28	9422	0	1	1	0
506	1	0	45	0	28	9422	0	1	1	0
509	1	0	42	0	28	9422	0	1	1	0
511	1	0	16	0	28	9422	0	1	1	0
512	1	0	58	0	28	9422	0	1	1	0
513	1	0	26	0	28	9422	0	1	1	0
514	1	0	59	0	28	9422	0	1	1	0
515	1	0	63	0	28	9422	0	1	1	0
516	1	0	64	0	28	9422	0	1	1	0
517	1	0	10	0	28	9422	0	1	1	0
518	1	0	44	0	28	9422	0	1	1	0
519	1	0	4	0	28	9422	0	1	1	0
520	1	0	29	0	28	9422	0	1	1	0
521	1	0	66	0	28	9422	0	1	1	0
522	1	0	68	0	28	9422	0	1	1	0
523	1	0	9	0	28	9422	0	1	1	0
524	1	0	19	0	28	9422	0	1	1	0
525	1	0	44	0	28	9422	0	1	1	0
526	1	0	11	0	28	9422	0	1	1	0
527	1	0	22	0	28	9422	0	1	1	0
528	1	0	49	0	28	9422	0	1	1	0
530	1	0	12	0	28	9422	0	1	1	0
531	1	0	7	0	28	9422	0	1	1	0
533	1	0	1	0	28	9422	0	1	1	0
535	1	0	52	0	28	9422	0	1	1	0
536	1	0	14	0	28	9422	0	1	1	0
537	1	0	33	0	28	9422	0	1	1	0
538	1	0	42	0	28	9422	0	1	1	0
539	1	0	16	0	28	9422	0	1	1	0
541	1	0	61	0	28	9422	0	1	1	0
542	1	0	58	0	28	9422	0	1	1	0
543	1	0	59	0	28	4587	0	1	1	0
543	1	0	63	0	28	4587	0	1	0	0
544	1	0	26	0	28	9422	0	1	1	0
546	1	0	15	0	28	9422	0	1	1	0
547	1	0	10	0	28	9422	0	1	1	0
548	1	0	64	0	28	9422	0	1	1	0
549	1	0	4	0	28	4587	0	1	1	0
549	1	0	66	0	28	4587	0	1	0	0
550	1	0	29	0	28	9422	0	1	1	0
552	1	0	19	0	28	4587	0	1	0	0
552	1	0	46	0	28	4587	0	1	1	0
555	1	0	11	0	28	4587	0	1	1	0
555	1	0	22	0	28	4587	0	1	0	0
557	1	0	49	0	28	9422	0	1	1	0
558	1	0	28	0	28	9422	0	1	1	0
559	1	0	7	0	28	9422	0	1	1	0
560	1	0	45	0	28	9422	0	1	1	0
564	1	0	32	0	28	9422	0	1	1	0
566	1	0	12	0	28	9422	0	1	1	0
569	1	0	16	0	28	4587	0	1	1	0
569	1	0	61	0	28	4587	0	1	0	0
570	1	0	14	0	28	9422	0	1	1	0
571	1	0	61	0	28	4587	0	1	0	0
571	1	0	68	0	28	4587	0	1	1	0
572	1	0	42	0	28	9422	0	1	1	0
574	1	0	44	0	28	9422	0	1	1	0
576	1	0	58	0	28	9422	0	1	1	0
577	1	0	59	0	28	9422	0	1	1	0
578	1	0	26	0	28	9422	0	1	1	0
579	1	0	63	0	28	9422	0	1	1	0
580	1	0	15	0	28	9422	0	1	1	0
581	1	0	10	0	28	9422	0	1	1	0
582	1	0	64	0	28	9422	0	1	1	0
583	1	0	4	0	28	9422	0	1	1	0
584	1	0	29	0	28	9422	0	1	1	0
585	1	0	66	0	28	9422	0	1	1	0
586	1	0	28	0	28	4587	0	1	0	0
586	1	0	46	0	28	4587	0	1	1	0
587	1	0	1	0	28	9422	0	1	1	0
588	1	0	9	0	28	3062	0	1	1	0
588	1	0	28	0	28	3062	0	1	0	0
588	1	0	45	0	28	3062	0	1	1	0
589	1	0	19	0	28	9422	0	1	1	0
590	1	0	11	0	28	4587	0	1	1	0
590	1	0	45	0	28	4587	0	1	0	0
591	1	0	22	0	28	9422	0	1	1	0
592	1	0	49	0	28	9422	0	1	1	0
594	1	0	16	0	28	9422	0	1	1	0
596	1	0	68	0	28	9422	0	1	1	0
597	1	0	7	0	28	9422	0	1	1	0
599	1	0	52	0	28	9422	0	1	1	0
600	1	0	33	0	28	9422	0	1	1	0
602	1	0	42	0	28	4587	0	1	1	0
602	1	0	44	0	28	4587	0	1	0	0
603	1	0	32	0	28	9422	0	1	1	0
604	1	0	14	0	28	4587	0	1	1	0
604	1	0	44	0	28	4587	0	1	0	0
606	1	0	61	0	28	9422	0	1	1	0
607	1	0	58	0	28	4587	0	1	1	0
607	1	0	63	0	28	4587	0	1	0	0
608	1	0	59	0	28	9422	0	1	1	0
609	1	0	26	0	28	4587	0	1	1	0
609	1	0	63	0	28	4587	0	1	0	0
611	1	0	64	0	28	9422	0	1	1	0
612	1	0	4	0	28	9422	0	1	1	0
613	1	0	1	0	28	4587	0	1	1	0
613	1	0	66	0	28	4587	0	1	0	0
614	1	0	15	0	28	9422	0	1	1	0
615	1	0	29	0	28	4587	0	1	1	0
615	1	0	66	0	28	4587	0	1	0	0
619	1	0	11	0	28	4587	0	1	1	0
619	1	0	22	0	28	4587	0	1	0	0
620	1	0	10	0	28	9422	0	1	1	0
621	1	0	22	0	28	4587	0	1	0	0
621	1	0	46	0	28	4587	0	1	1	0
623	1	0	49	0	28	9422	0	1	1	0
624	1	0	68	0	28	9422	0	1	1	0
625	1	0	28	0	28	9422	0	1	1	0
626	1	0	16	0	28	9422	0	1	1	0
627	1	0	7	0	28	4587	0	1	1	0
627	1	0	52	0	28	4587	0	1	0	0
631	1	0	42	0	28	9422	0	1	1	0
632	1	0	12	0	28	9422	0	1	1	0
633	1	0	32	0	28	9422	0	1	1	0
634	1	0	44	0	28	4587	0	1	1	0
634	1	0	61	0	28	4587	0	1	0	0
636	1	0	58	0	28	9422	0	1	1	0
637	1	0	59	0	28	9422	0	1	1	0
638	1	0	26	0	28	9422	0	1	1	0
639	1	0	14	0	28	9422	0	1	1	0
640	1	0	63	0	28	9422	0	1	1	0
642	1	0	4	0	28	9422	0	1	1	0
643	1	0	29	0	28	9422	0	1	1	0
644	1	0	66	0	28	9422	0	1	1	0
645	1	0	10	0	28	9422	0	1	1	0
646	1	0	9	0	28	9422	0	1	1	0
647	1	0	19	0	28	9422	0	1	1	0
648	1	0	11	0	28	9422	0	1	1	0
649	1	0	46	0	28	4587	0	1	0	0
649	1	0	65	0	28	4587	0	1	1	0
653	1	0	22	0	28	4587	0	1	1	0
653	1	0	28	0	28	4587	0	1	0	0
654	1	0	64	0	28	9422	0	1	1	0
655	1	0	28	0	28	4587	0	1	0	0
655	1	0	49	0	28	4587	0	1	1	0
656	1	0	68	0	28	9422	0	1	1	0
658	1	0	16	0	28	9422	0	1	1	0
659	1	0	7	0	28	9422	0	1	1	0
661	1	0	45	0	28	9422	0	1	1	0
662	1	0	44	0	28	4587	0	1	0	0
662	1	0	52	0	28	4587	0	1	1	0
663	1	0	33	0	28	9422	0	1	1	0
664	1	0	42	0	28	4587	0	1	1	0
664	1	0	44	0	28	4587	0	1	0	0
665	1	0	32	0	28	9422	0	1	1	0
666	1	0	1	0	28	9422	0	1	1	0
667	1	0	12	0	28	9422	0	1	1	0
669	1	0	61	0	28	9422	0	1	1	0
670	1	0	58	0	28	4587	0	1	1	0
670	1	0	63	0	28	4587	0	1	0	0
671	1	0	59	0	28	9422	0	1	1	0
672	1	0	26	0	28	4587	0	1	1	0
672	1	0	66	0	28	4587	0	1	1	0
673	1	0	14	0	28	9422	0	1	1	0
675	1	0	15	0	28	4587	0	1	1	0
675	1	0	19	0	28	4587	0	1	0	0
676	1	0	4	0	28	4587	0	1	1	0
676	1	0	9	0	28	4587	0	1	0	0
677	1	0	10	0	28	4587	0	1	1	0
677	1	0	19	0	28	4587	0	1	0	0
678	1	0	29	0	28	9422	0	1	1	0
679	1	0	64	0	28	9422	0	1	1	0
683	1	0	22	0	28	4587	0	1	0	0
683	1	0	46	0	28	4587	0	1	1	0
685	1	0	8	0	28	9422	0	1	1	0
688	1	0	49	0	28	9422	0	1	1	0
689	1	0	45	0	28	4587	0	1	0	0
689	1	0	68	0	28	4587	0	1	1	0
690	1	0	28	0	28	4587	0	1	1	0
690	1	0	52	0	28	4587	0	1	0	0
691	1	0	16	0	28	3062	0	1	1	0
691	1	0	33	0	28	3062	0	1	0	0
691	1	0	45	0	28	3062	0	1	0	0
692	1	0	1	0	28	4587	0	1	1	0
692	1	0	52	0	28	4587	0	1	0	0
693	1	0	7	0	28	4587	0	1	1	0
693	1	0	33	0	28	4587	0	1	0	0
694	1	0	65	0	28	9422	0	1	1	0
698	1	0	11	0	28	9422	0	1	1	0
699	1	0	42	0	28	4587	0	1	1	0
699	1	0	61	0	28	4587	0	1	0	0
701	1	0	12	0	28	9422	0	1	1	0
702	1	0	32	0	28	9422	0	1	1	0
703	1	0	15	0	28	4587	0	1	0	0
703	1	0	44	0	28	4587	0	1	1	0
705	1	0	15	0	28	4587	0	1	0	0
705	1	0	58	0	28	4587	0	1	1	0
706	1	0	59	0	28	9422	0	1	1	0
707	1	0	14	0	28	9422	0	1	1	0
708	1	0	26	0	28	9422	0	1	1	0
709	1	0	63	0	28	9422	0	1	1	0
711	1	0	4	0	28	4587	0	1	1	0
711	1	0	46	0	28	4587	0	1	1	0
712	1	0	10	0	28	9422	0	1	1	0
713	1	0	29	0	28	4587	0	1	1	0
713	1	0	46	0	28	4587	0	1	0	0
714	1	0	64	0	28	9422	0	1	1	0
716	1	0	9	0	28	9422	0	1	1	0
717	1	0	19	0	28	9422	0	1	1	0
718	1	0	1	0	28	4587	0	1	1	0
718	1	0	28	0	28	4587	0	1	0	0
720	1	0	22	0	28	4587	0	1	1	0
720	1	0	28	0	28	4587	0	1	0	0
721	1	0	49	0	28	9422	0	1	1	0
722	1	0	68	0	28	9422	0	1	1	0
724	1	0	16	0	28	9422	0	1	1	0
725	1	0	7	0	28	9422	0	1	1	0
726	1	0	65	0	28	9422	0	1	1	0
727	1	0	45	0	28	9422	0	1	1	0
728	1	0	52	0	28	9422	0	1	1	0
729	1	0	33	0	28	9422	0	1	1	0
730	1	0	42	0	28	9422	0	1	1	0
731	1	0	8	0	28	4587	0	1	1	0
731	1	0	44	0	28	4587	0	1	0	0
732	1	0	32	0	28	9422	0	1	1	0
734	1	0	61	0	28	9422	0	1	1	0
735	1	0	12	0	28	9422	0	1	1	0
736	1	0	58	0	28	9422	0	1	1	0
737	1	0	59	0	28	4587	0	1	1	0
737	1	0	63	0	28	4587	0	1	0	0
738	1	0	27	0	28	9422	0	1	1	0
739	1	0	26	0	28	4587	0	1	1	0
739	1	0	63	0	28	4587	0	1	0	0
741	1	0	14	0	28	9422	0	1	1	0
742	1	0	15	0	28	9422	0	1	1	0
743	1	0	4	0	28	9422	0	1	1	0
744	1	0	9	0	28	4587	0	1	0	0
744	1	0	10	0	28	4587	0	1	1	0
745	1	0	19	0	28	4587	0	1	0	0
745	1	0	29	0	28	4587	0	1	1	0
746	1	0	9	0	28	4587	0	1	0	0
746	1	0	64	0	28	4587	0	1	1	0
747	1	0	19	0	28	4587	0	1	0	0
747	1	0	66	0	28	4587	0	1	1	0
749	1	0	11	0	28	9422	0	1	1	0
751	1	0	1	0	28	9422	0	1	1	0
755	1	0	45	0	28	4587	0	1	0	0
755	1	0	49	0	28	4587	0	1	1	0
756	1	0	52	0	28	4587	0	1	0	0
756	1	0	68	0	28	4587	0	1	1	0
757	1	0	28	0	28	3062	0	1	1	0
757	1	0	33	0	28	3062	0	1	0	0
757	1	0	45	0	28	3062	0	1	0	0
758	1	0	16	0	28	4587	0	1	1	0
758	1	0	52	0	28	4587	0	1	0	0
759	1	0	7	0	28	4587	0	1	1	0
759	1	0	33	0	28	4587	0	1	0	0
760	1	0	65	0	28	9422	0	1	1	0
762	1	0	61	0	28	9422	0	1	1	0
764	1	0	42	0	28	4587	0	1	1	0
764	1	0	61	0	28	4587	0	1	0	0
765	1	0	8	0	28	9422	0	1	1	0
766	1	0	32	0	28	9422	0	1	1	0
767	1	0	47	0	28	9422	0	1	1	0
768	1	0	24	0	28	9422	0	1	1	0
769	1	0	12	0	28	9422	0	1	1	0
770	1	0	15	0	28	4587	0	1	1	0
770	1	0	44	0	28	4587	0	1	1	0
772	1	0	15	0	28	4587	0	1	0	0
772	1	0	27	0	28	4587	0	1	1	0
773	1	0	58	0	28	9422	0	1	1	0
774	1	0	59	0	28	9422	0	1	1	0
775	1	0	14	0	28	4587	0	1	1	0
775	1	0	66	0	28	4587	0	1	1	0
776	1	0	11	0	28	9422	0	1	1	0
777	1	0	26	0	28	4587	0	1	1	0
777	1	0	66	0	28	4587	0	1	0	0
778	1	0	63	0	28	9422	0	1	1	0
780	1	0	4	0	28	9422	0	1	1	0
781	1	0	10	0	28	9422	0	1	1	0
783	1	0	29	0	28	9422	0	1	1	0
784	1	0	64	0	28	9422	0	1	1	0
785	1	0	28	0	28	9422	0	1	1	0
786	1	0	9	0	28	9422	0	1	1	0
788	1	0	19	0	28	9422	0	1	1	0
789	1	0	1	0	28	9422	0	1	1	0
790	1	0	46	0	28	9422	0	1	1	0
791	1	0	40	0	28	9422	0	1	1	0
792	1	0	22	0	28	9422	0	1	1	0
793	1	0	49	0	28	9422	0	1	1	0
794	1	0	68	0	28	9422	0	1	1	0
796	1	0	16	0	28	9422	0	1	1	0
797	1	0	7	0	28	9422	0	1	1	0
798	1	0	40	0	28	4587	0	1	0	0
798	1	0	44	0	28	4587	0	1	1	0
799	1	0	65	0	28	9422	0	1	1	0
800	1	0	44	0	28	4587	0	1	0	0
800	1	0	45	0	28	4587	0	1	1	0
801	1	0	24	0	28	9422	0	1	1	0
802	1	0	47	0	28	9422	0	1	1	0
803	1	0	12	0	28	9422	0	1	1	0
804	1	0	52	0	28	9422	0	1	1	0
806	1	0	33	0	28	4587	0	1	1	0
806	1	0	63	0	28	4587	0	1	1	0
807	1	0	42	0	28	9422	0	1	1	0
808	1	0	8	0	28	4587	0	1	1	0
808	1	0	63	0	28	4587	0	1	0	0
809	1	0	32	0	28	9422	0	1	1	0
810	1	0	11	0	28	9422	0	1	1	0
812	1	0	14	0	28	9422	0	1	1	0
814	1	0	9	0	28	4587	0	1	1	0
814	1	0	58	0	28	4587	0	1	1	0
815	1	0	59	0	28	9422	0	1	1	0
816	1	0	9	0	28	3062	0	1	0	0
816	1	0	19	0	28	3062	0	1	1	0
816	1	0	26	0	28	3062	0	1	1	0
818	1	0	19	0	28	4587	0	1	0	0
818	1	0	46	0	28	4587	0	1	1	0
820	1	0	22	0	28	3062	0	1	1	0
820	1	0	27	0	28	3062	0	1	1	0
820	1	0	46	0	28	3062	0	1	0	0
821	1	0	4	0	28	9422	0	1	1	0
822	1	0	10	0	28	4587	0	1	1	0
822	1	0	22	0	28	4587	0	1	0	0
823	1	0	29	0	28	9422	0	1	1	0
824	1	0	64	0	28	9422	0	1	1	0
826	1	0	40	0	28	9422	0	1	1	0
828	1	0	45	0	28	9422	0	1	1	0
831	1	0	49	0	28	9422	0	1	1	0
832	1	0	52	0	28	4587	0	1	1	0
832	1	0	68	0	28	4587	0	1	1	0
834	1	0	16	0	28	3062	0	1	1	0
834	1	0	33	0	28	3062	0	1	0	0
834	1	0	52	0	28	3062	0	1	0	0
835	1	0	24	0	28	4587	0	1	1	0
835	1	0	42	0	28	4587	0	1	1	0
836	1	0	7	0	28	4587	0	1	1	0
836	1	0	33	0	28	4587	0	1	0	0
837	1	0	12	0	28	9422	0	1	1	0
838	1	0	65	0	28	9422	0	1	1	0
843	1	0	1	0	28	9422	0	1	1	0
844	1	0	8	0	28	9422	0	1	1	0
845	1	0	32	0	28	9422	0	1	1	0
846	1	0	11	0	28	9422	0	1	1	0
848	1	0	14	0	28	4587	0	1	1	0
848	1	0	27	0	28	4587	0	1	1	0
849	1	0	61	0	28	9422	0	1	1	0
850	1	0	27	0	28	4587	0	1	0	0
850	1	0	47	0	28	4587	0	1	1	0
851	1	0	58	0	28	9422	0	1	1	0
852	1	0	59	0	28	9422	0	1	1	0
853	1	0	26	0	28	9422	0	1	1	0
855	1	0	15	0	28	9422	0	1	1	0
857	1	0	4	0	28	9422	0	1	1	0
858	1	0	10	0	28	9422	0	1	1	0
859	1	0	69	0	28	9422	0	1	1	0
860	1	0	29	0	28	9422	0	1	1	0
861	1	0	64	0	28	9422	0	1	1	0
862	1	0	66	0	28	9422	0	1	1	0
863	1	0	40	0	28	4587	0	1	1	0
863	1	0	42	0	28	4587	0	1	1	0
868	1	0	49	0	28	9422	0	1	1	0
869	1	0	24	0	28	9422	0	1	1	0
870	1	0	68	0	28	9422	0	1	1	0
871	1	0	28	0	28	9422	0	1	1	0
872	1	0	16	0	28	9422	0	1	1	0
873	1	0	7	0	28	9422	0	1	1	0
875	1	0	12	0	28	9422	0	1	1	0
876	1	0	65	0	28	9422	0	1	1	0
877	1	0	61	0	28	9422	0	1	1	0
878	1	0	47	0	28	9422	0	1	1	0
879	1	0	33	0	28	4587	0	1	1	0
879	1	0	61	0	28	4587	0	1	0	0
881	1	0	8	0	28	9422	0	1	1	0
882	1	0	32	0	28	9422	0	1	1	0
883	1	0	11	0	28	4587	0	1	1	0
883	1	0	15	0	28	4587	0	1	1	0
884	1	0	44	0	28	9422	0	1	1	0
886	1	0	41	0	28	9422	0	1	1	0
888	1	0	58	0	28	9422	0	1	1	0
889	1	0	59	0	28	9422	0	1	1	0
890	1	0	26	0	28	4587	0	1	1	0
890	1	0	66	0	28	4587	0	1	1	0
891	1	0	63	0	28	9422	0	1	1	0
893	1	0	41	0	28	9422	0	1	1	0
894	1	0	69	0	28	9422	0	1	1	0
896	1	0	4	0	28	9422	0	1	1	0
897	1	0	1	0	28	9422	0	1	1	0
898	1	0	10	0	28	9422	0	1	1	0
899	1	0	28	0	28	4587	0	1	1	0
899	1	0	29	0	28	4587	0	1	1	0
901	1	0	28	0	28	4587	0	1	0	0
901	1	0	64	0	28	4587	0	1	1	0
903	1	0	40	0	28	9422	0	1	1	0
904	1	0	9	0	28	9422	0	1	1	0
905	1	0	19	0	28	9422	0	1	1	0
906	1	0	46	0	28	9422	0	1	1	0
907	1	0	22	0	28	4587	0	1	1	0
907	1	0	33	0	28	4587	0	1	1	0
908	1	0	49	0	28	9422	0	1	1	0
910	1	0	41	0	28	4587	0	1	1	0
910	1	0	68	0	28	4587	0	1	1	0
911	1	0	56	0	28	9422	0	1	1	0
912	1	0	44	0	28	4587	0	1	1	0
912	1	0	56	0	28	4587	0	1	0	0
913	1	0	14	0	28	9422	0	1	1	0
916	1	0	16	0	28	9422	0	1	1	0
917	1	0	7	0	28	9422	0	1	1	0
918	1	0	12	0	28	9422	0	1	1	0
919	1	0	63	0	28	4587	0	1	1	0
919	1	0	65	0	28	4587	0	1	1	0
920	1	0	45	0	28	9422	0	1	1	0
921	1	0	41	0	28	3062	0	1	1	0
921	1	0	52	0	28	3062	0	1	1	0
921	1	0	63	0	28	3062	0	1	0	0
923	1	0	1	0	28	9422	0	1	1	0
924	1	0	42	0	28	9422	0	1	1	0
925	1	0	8	0	28	9422	0	1	1	0
926	1	0	23	0	28	9422	0	1	1	0
927	1	0	34	0	28	9422	0	1	1	0
928	1	0	5	0	28	9422	0	1	1	0
929	1	0	53	0	28	9422	0	1	1	0
930	1	0	41	0	28	4587	0	1	1	0
930	1	0	55	0	28	4587	0	1	1	0
931	1	0	2	0	28	9422	0	1	1	0
932	1	0	9	0	28	4587	0	1	1	0
932	1	0	54	0	28	4587	0	1	1	0
933	1	0	19	0	28	4587	0	1	1	0
933	1	0	67	0	28	4587	0	1	1	0
934	1	0	6	0	28	3062	0	1	1	0
934	1	0	9	0	28	3062	0	1	0	0
934	1	0	46	0	28	3062	0	1	1	0
935	1	0	19	0	28	3062	0	1	0	0
935	1	0	22	0	28	3062	0	1	1	0
935	1	0	30	0	28	3062	0	1	1	0
936	1	0	25	0	28	4587	0	1	1	0
936	1	0	46	0	28	4587	0	1	0	0
937	1	0	22	0	28	4587	0	1	0	0
937	1	0	50	0	28	4587	0	1	1	0
938	1	0	51	0	28	9422	0	1	1	0
939	1	0	57	0	28	9422	0	1	1	0
940	1	0	32	0	28	4587	0	1	1	0
940	1	0	44	0	28	4587	0	1	0	0
942	1	0	11	0	28	9422	0	1	1	0
947	1	0	63	0	28	9422	0	1	1	0
948	1	0	45	0	28	9422	0	1	1	0
949	1	0	52	0	28	9422	0	1	1	0
952	1	0	13	0	28	9422	0	1	1	0
955	1	0	5	0	28	9422	0	1	1	0
959	1	0	58	0	28	9422	0	1	1	0
960	1	0	9	0	28	4587	0	1	1	0
960	1	0	59	0	28	4587	0	1	1	0
961	1	0	19	0	28	4587	0	1	1	0
961	1	0	26	0	28	4587	0	1	1	0
962	1	0	46	0	28	9422	0	1	1	0
963	1	0	22	0	28	4587	0	1	1	0
963	1	0	23	0	28	4587	0	1	1	0
965	1	0	19	0	28	4587	0	1	0	0
965	1	0	27	0	28	4587	0	1	1	0
966	1	0	4	0	28	4587	0	1	1	0
966	1	0	46	0	28	4587	0	1	0	0
967	1	0	22	0	28	4587	0	1	0	0
967	1	0	55	0	28	4587	0	1	1	0
968	1	0	2	0	28	9422	0	1	1	0
969	1	0	54	0	28	9422	0	1	1	0
970	1	0	67	0	28	9422	0	1	1	0
971	1	0	6	0	28	9422	0	1	1	0
972	1	0	30	0	28	9422	0	1	1	0
973	1	0	10	0	28	9422	0	1	1	0
974	1	0	25	0	28	9422	0	1	1	0
975	1	0	29	0	28	9422	0	1	1	0
976	1	0	45	0	28	4587	0	1	1	0
976	1	0	50	0	28	4587	0	1	1	0
977	1	0	52	0	28	4587	0	1	1	0
977	1	0	64	0	28	4587	0	1	1	0
978	1	0	51	0	28	9422	0	1	1	0
980	1	0	40	0	28	4587	0	1	1	0
980	1	0	45	0	28	4587	0	1	0	0
981	1	0	52	0	28	4587	0	1	0	0
981	1	0	57	0	28	4587	0	1	1	0
985	1	0	56	0	28	9422	0	1	1	0
987	1	0	49	0	28	9422	0	1	1	0
988	1	0	69	0	28	9422	0	1	1	0
989	1	0	68	0	28	9422	0	1	1	0
990	1	0	28	0	28	9422	0	1	1	0
991	1	0	16	0	28	9422	0	1	1	0
992	1	0	7	0	28	9422	0	1	1	0
993	1	0	12	0	28	4587	0	1	1	0
993	1	0	27	0	28	4587	0	1	1	0
994	1	0	65	0	28	9422	0	1	1	0
997	1	0	33	0	28	9422	0	1	1	0
998	1	0	1	0	28	9422	0	1	1	0
999	1	0	8	0	28	9422	0	1	1	0
