timestamp,ueImsiComplete,numActiveUes,RRC.ConnMean,DRB.EstabSucc.5QI.UEID (numDrb),DRB.RelActNbr.5QI.UEID (0),L3 serving Id(m_cellId),UE (imsi),L3 serving SINR,L3 serving SINR 3gpp,L3 neigh Id 1 (cellId),L3 neigh SINR 1,L3 neigh SINR 3gpp 1 (convertedSinr),L3 neigh Id 2 (cellId),L3 neigh SINR 2,L3 neigh SINR 3gpp 2 (convertedSinr),L3 neigh Id 3 (cellId),L3 neigh SINR 3,L3 neigh SINR 3gpp 3 (convertedSinr),L3 neigh Id 4 (cellId),L3 neigh SINR 4,L3 neigh SINR 3gpp 4 (convertedSinr),L3 neigh Id 5 (cellId),L3 neigh SINR 5,L3 neigh SINR 3gpp 5 (convertedSinr),L3 neigh Id 6 (cellId),L3 neigh SINR 6,L3 neigh SINR 3gpp 6 (convertedSinr),L3 neigh Id 7 (cellId),L3 neigh SINR 7,L3 neigh SINR 3gpp 7 (convertedSinr),L3 neigh Id 8 (cellId),L3 neigh SINR 8,L3 neigh SINR 3gpp 8 (convertedSinr)
1778855770139,00001,7,4,0,0,6,1,6.624249,60.000000,2,-2.364694,42.000000,7,-6.005770,34.000000,5,-6.265457,34.000000,8,-12.248019,22.000000,3,-15.519400,15.000000,4,-17.503397,11.000000,,,,,,
1778855770139,00004,7,4,0,0,6,4,8.199755,63.000000,5,4.739132,56.000000,4,-3.440052,39.000000,3,-6.867421,33.000000,2,-9.261004,28.000000,8,-16.637718,13.000000,7,-17.568667,11.000000,,,,,,
1778855770139,00007,7,4,0,0,6,7,35.487115,118.000000,5,32.396389,112.000000,2,1.945137,50.000000,7,-2.707950,41.000000,3,-9.462883,27.000000,8,-11.767719,23.000000,4,-18.780582,9.000000,,,,,,
1778855770139,00010,7,4,0,0,6,10,8.400815,63.000000,2,2.867025,52.000000,3,2.298545,51.000000,7,-1.354876,44.000000,4,-2.159016,42.000000,5,-8.954548,28.000000,8,-16.415205,13.000000,,,,,,
1778855770139,00026,7,4,0,0,6,26,36.932757,121.000000,2,30.498180,108.000000,5,7.328530,61.000000,4,0.280039,47.000000,7,-8.474705,29.000000,8,-16.669637,13.000000,3,-16.822722,12.000000,,,,,,
1778855770139,00028,7,4,0,0,6,28,27.247892,101.000000,4,24.136356,95.000000,2,10.590903,68.000000,7,4.822909,56.000000,5,0.004425,46.000000,8,-12.656235,21.000000,3,-13.942395,18.000000,,,,,,
1778855770139,00032,7,4,0,0,6,32,33.785519,114.000000,4,16.254056,79.000000,5,1.806229,50.000000,3,0.120824,47.000000,2,-3.483511,39.000000,8,-8.678379,29.000000,7,-10.992225,24.000000,,,,,,
1778855770239,00001,7,7,0,0,6,1,2.403885,51.000000,7,-4.175709,38.000000,2,-4.238364,38.000000,5,-5.209854,36.000000,3,-15.458895,15.000000,8,-15.738383,15.000000,4,-16.129888,14.000000,,,,,,
1778855770239,00004,7,7,0,0,6,4,12.069257,71.000000,5,3.771858,54.000000,4,1.297357,49.000000,3,-7.632579,31.000000,2,-10.473196,25.000000,7,-13.881684,18.000000,8,-18.503213,9.000000,,,,,,
1778855770239,00007,7,7,0,0,6,7,9.134177,65.000000,5,3.782999,54.000000,2,0.026306,46.000000,7,-6.165098,34.000000,8,-7.154140,32.000000,3,-7.207116,32.000000,4,-18.938889,8.000000,,,,,,
1778855770239,00010,7,7,0,0,6,10,6.096068,59.000000,2,0.657283,48.000000,3,0.297218,47.000000,7,-1.936452,42.000000,4,-2.790262,41.000000,5,-9.027838,28.000000,8,-14.667668,17.000000,,,,,,
1778855770239,00026,7,7,0,0,6,26,18.080512,83.000000,4,4.971351,56.000000,2,3.776187,54.000000,5,-0.663465,45.000000,7,-3.119193,40.000000,8,-14.739551,17.000000,3,-15.065114,16.000000,,,,,,
1778855770239,00028,7,7,0,0,6,28,-0.508191,45.000000,4,15.558527,78.000000,2,14.043685,75.000000,7,11.803032,70.000000,5,2.166974,51.000000,8,-9.864072,26.000000,3,-14.948961,16.000000,,,,,,
1778855770239,00032,7,7,0,0,6,32,-18.639330,9.000000,4,23.199240,93.000000,5,4.480374,55.000000,3,-5.907432,34.000000,2,-9.311041,28.000000,8,-10.138572,26.000000,7,-12.349177,21.000000,,,,,,
1778855770339,00001,7,7,0,0,6,1,34.227420,115.000000,5,0.381486,47.000000,7,-0.680373,45.000000,2,-4.045961,38.000000,4,-7.739152,31.000000,8,-13.641535,19.000000,3,-20.935761,4.000000,,,,,,
1778855770339,00004,7,7,0,0,6,4,12.878819,72.000000,5,2.739348,52.000000,4,-0.956247,44.000000,3,-1.153211,44.000000,7,-7.113346,32.000000,2,-11.433514,23.000000,8,-14.609555,17.000000,,,,,,
1778855770339,00007,7,7,0,0,6,7,6.015925,58.000000,2,34.022846,115.000000,5,12.128384,71.000000,8,-7.847797,31.000000,3,-8.019344,30.000000,7,-8.664578,29.000000,4,-21.878948,2.000000,,,,,,
1778855770339,00010,7,7,0,0,6,10,3.588213,54.000000,3,12.370330,71.000000,2,12.242463,71.000000,7,-1.991496,42.000000,5,-5.724856,35.000000,8,-5.986416,34.000000,4,-15.501864,15.000000,,,,,,
1778855770339,00026,7,7,0,0,6,26,11.232707,69.000000,4,12.932178,72.000000,2,6.200753,59.000000,7,2.704153,52.000000,5,-1.990897,42.000000,3,-8.638291,29.000000,8,-11.781400,23.000000,,,,,,
1778855770339,00028,7,7,0,0,6,28,-11.096390,24.000000,2,23.637543,94.000000,4,17.408672,81.000000,7,9.164739,65.000000,5,7.001347,60.000000,3,-12.609975,21.000000,8,-14.306453,18.000000,,,,,,
1778855770339,00032,7,7,0,0,6,32,-11.700935,23.000000,4,21.435911,90.000000,5,12.242788,71.000000,2,-4.408423,37.000000,8,-6.458475,33.000000,3,-10.394994,25.000000,7,-13.025934,20.000000,,,,,,
1778855770439,00001,7,7,0,0,6,1,5.436536,57.000000,5,3.026516,52.000000,2,-5.063406,36.000000,7,-5.509833,35.000000,4,-8.421362,29.000000,8,-11.376548,23.000000,3,-26.434354,0.000000,,,,,,
1778855770439,00004,7,7,0,0,6,4,14.223864,75.000000,8,34.690843,116.000000,5,7.407110,61.000000,4,1.523631,49.000000,3,-2.921889,40.000000,2,-6.076346,34.000000,7,-7.266276,32.000000,,,,,,
1778855770439,00007,7,7,0,0,6,7,7.291393,61.000000,2,9.353191,65.000000,5,9.169255,65.000000,8,-10.482426,25.000000,7,-11.319925,24.000000,3,-14.386628,17.000000,4,-15.341269,15.000000,,,,,,
1778855770439,00010,7,7,0,0,6,10,-1.095490,44.000000,3,17.296850,81.000000,2,2.443212,51.000000,7,-2.891022,41.000000,4,-8.567541,29.000000,8,-11.718709,23.000000,5,-13.922104,18.000000,,,,,,
1778855770439,00026,7,7,0,0,6,26,10.395284,67.000000,4,21.634394,90.000000,2,3.404351,53.000000,7,-2.232714,42.000000,5,-5.971186,34.000000,3,-8.187551,30.000000,8,-20.188502,6.000000,,,,,,
1778855770439,00028,7,7,0,0,6,28,-4.283223,38.000000,2,14.608104,76.000000,4,12.252805,71.000000,7,6.350246,59.000000,5,0.600467,48.000000,3,-8.125739,30.000000,8,-17.803377,10.000000,,,,,,
1778855770439,00032,7,7,0,0,6,32,-4.110685,38.000000,4,12.875833,72.000000,5,8.810401,64.000000,2,3.343663,53.000000,3,-10.823184,25.000000,8,-13.322006,20.000000,7,-14.218667,18.000000,,,,,,
1778855770539,00001,7,7,0,0,6,1,1.936787,50.000000,5,2.258915,51.000000,7,0.454924,47.000000,8,-1.871183,43.000000,4,-6.381547,34.000000,2,-7.287482,32.000000,3,-20.765878,5.000000,,,,,,
1778855770539,00004,7,7,0,0,6,4,4.982556,56.000000,5,10.869635,68.000000,4,1.879646,50.000000,7,1.754962,50.000000,2,1.597110,50.000000,8,-3.027077,40.000000,3,-5.533533,35.000000,,,,,,
1778855770539,00007,7,7,0,0,6,7,2.497393,51.000000,8,23.391840,94.000000,2,17.909431,82.000000,5,5.315548,57.000000,7,-12.987327,20.000000,3,-14.726878,17.000000,4,-17.669663,11.000000,,,,,,
1778855770539,00010,7,7,0,0,6,10,-3.642039,39.000000,3,8.967671,64.000000,2,-0.649214,45.000000,7,-3.088612,40.000000,4,-4.354873,38.000000,8,-6.796432,33.000000,5,-6.977491,32.000000,,,,,,
1778855770539,00026,7,7,0,0,6,26,11.918074,70.000000,8,24.183217,95.000000,4,16.015642,79.000000,7,-3.447474,39.000000,2,-3.452658,39.000000,3,-3.721281,39.000000,5,-4.155635,38.000000,,,,,,
1778855770539,00028,7,7,0,0,6,28,-3.341173,40.000000,2,22.682174,92.000000,4,16.234600,79.000000,7,5.383297,57.000000,5,0.664698,48.000000,3,-5.505734,35.000000,8,-15.328295,15.000000,,,,,,
1778855770539,00032,7,7,0,0,6,32,-2.875300,41.000000,5,15.228786,77.000000,4,10.007487,67.000000,2,0.992165,48.000000,7,-4.086511,38.000000,3,-11.348406,23.000000,8,-16.829392,12.000000,,,,,,
1778855770639,00001,7,7,0,0,6,1,-4.945328,36.000000,2,0.808126,48.000000,5,-1.806118,43.000000,7,-2.948787,40.000000,8,-4.255953,38.000000,4,-6.242885,34.000000,3,-15.164805,16.000000,,,,,,
1778855770639,00004,7,7,0,0,6,4,3.849152,54.000000,5,3.334218,53.000000,4,2.289511,51.000000,2,0.340260,47.000000,7,-2.148135,42.000000,3,-3.653936,39.000000,8,-9.561994,27.000000,,,,,,
1778855770639,00007,7,7,0,0,6,7,10.889368,68.000000,5,37.689054,122.000000,8,25.675174,98.000000,2,16.658414,80.000000,7,-8.784545,29.000000,3,-14.794701,17.000000,4,-17.530739,11.000000,,,,,,
1778855770639,00010,7,7,0,0,6,10,0.339620,47.000000,3,6.270515,59.000000,2,2.059396,51.000000,5,-2.748503,41.000000,7,-5.897664,34.000000,4,-14.095795,18.000000,8,-15.504098,15.000000,,,,,,
1778855770639,00026,7,7,0,0,6,26,13.571367,74.000000,2,41.067221,127.000000,4,20.411806,88.000000,7,1.304310,49.000000,5,-1.268740,44.000000,3,-5.919226,34.000000,8,-17.029354,12.000000,,,,,,
1778855770639,00028,7,7,0,0,6,28,-8.341379,30.000000,2,40.095136,127.000000,4,18.076215,83.000000,3,2.371279,51.000000,7,-0.221419,46.000000,5,-11.177473,24.000000,8,-16.113439,14.000000,,,,,,
1778855770639,00032,7,7,0,0,6,32,-8.136109,30.000000,5,8.249262,63.000000,4,8.085958,63.000000,2,-4.861392,37.000000,7,-5.626497,35.000000,3,-12.639517,21.000000,8,-14.549024,17.000000,,,,,,
1778855770739,00001,7,7,0,0,6,1,3.527746,53.000000,8,2.955379,52.000000,5,2.563413,52.000000,4,0.913010,48.000000,2,0.786029,48.000000,7,-5.714842,35.000000,3,-19.050773,8.000000,,,,,,
1778855770739,00004,7,7,0,0,6,4,37.642581,122.000000,5,5.670916,58.000000,2,2.816243,52.000000,4,-2.240936,42.000000,3,-5.666399,35.000000,7,-5.731661,35.000000,8,-9.559827,27.000000,,,,,,
1778855770739,00007,7,7,0,0,6,7,39.608560,126.000000,2,12.850774,72.000000,5,7.363171,61.000000,8,-5.593383,35.000000,7,-8.062481,30.000000,4,-13.216547,20.000000,3,-20.121606,6.000000,,,,,,
1778855770739,00010,7,7,0,0,6,10,-5.749770,35.000000,4,37.987634,123.000000,3,8.258092,63.000000,5,7.942627,62.000000,7,0.888978,48.000000,2,-2.308254,42.000000,8,-8.169882,30.000000,,,,,,
1778855770739,00026,7,7,0,0,6,26,10.893725,68.000000,5,40.551794,127.000000,4,21.961579,91.000000,2,3.858828,54.000000,7,1.786183,50.000000,8,-9.866102,26.000000,3,-11.893175,22.000000,,,,,,
1778855770739,00028,7,7,0,0,6,28,-6.038828,34.000000,3,22.211273,91.000000,4,15.865746,78.000000,2,9.279485,65.000000,5,2.719600,52.000000,7,-1.547139,43.000000,8,-9.361399,27.000000,,,,,,
1778855770739,00032,7,7,0,0,6,32,-4.118239,38.000000,4,12.861730,72.000000,5,11.019615,69.000000,2,0.258555,47.000000,7,-5.424556,35.000000,3,-7.121338,32.000000,8,-13.603949,19.000000,,,,,,
1778855770839,00001,7,7,0,0,6,1,6.148431,59.000000,2,8.663978,64.000000,5,6.697980,60.000000,8,5.828640,58.000000,7,-2.423978,41.000000,4,-3.789788,39.000000,3,-28.871049,0.000000,,,,,,
1778855770839,00004,7,7,0,0,6,4,-3.623340,39.000000,5,7.007934,60.000000,4,5.641707,58.000000,2,1.558000,50.000000,7,0.115895,47.000000,8,-3.151058,40.000000,3,-5.002154,36.000000,,,,,,
1778855770839,00007,7,7,0,0,6,7,-10.333695,26.000000,5,47.551694,127.000000,2,8.710704,64.000000,8,-2.129190,42.000000,4,-2.445588,41.000000,7,-5.394084,35.000000,3,-22.315399,1.000000,,,,,,
1778855770839,00010,7,7,0,0,6,10,-7.454263,31.000000,3,11.721171,70.000000,5,10.469000,67.000000,4,4.112248,55.000000,7,-2.720454,41.000000,2,-4.795858,37.000000,8,-13.002002,20.000000,,,,,,
1778855770839,00026,7,7,0,0,6,26,12.330196,71.000000,4,21.497690,90.000000,7,10.875182,68.000000,2,8.846729,64.000000,5,-0.267218,46.000000,3,-0.833931,45.000000,8,-7.921018,30.000000,,,,,,
1778855770839,00028,7,7,0,0,6,28,-9.154913,28.000000,4,15.827499,78.000000,2,15.217647,77.000000,7,4.587587,56.000000,5,3.406907,53.000000,3,-0.062044,46.000000,8,-2.712191,41.000000,,,,,,
1778855770839,00032,7,7,0,0,6,32,-4.490042,37.000000,4,12.769607,72.000000,5,9.233420,65.000000,2,-4.933828,36.000000,3,-7.049499,32.000000,7,-7.742083,31.000000,8,-11.481299,23.000000,,,,,,
