timestamp,ueImsiComplete,numActiveUes,RRC.ConnMean,DRB.EstabSucc.5QI.UEID (numDrb),DRB.RelActNbr.5QI.UEID (0),L3 serving Id(m_cellId),UE (imsi),L3 serving SINR,L3 serving SINR 3gpp,L3 neigh Id 1 (cellId),L3 neigh SINR 1,L3 neigh SINR 3gpp 1 (convertedSinr),L3 neigh Id 2 (cellId),L3 neigh SINR 2,L3 neigh SINR 3gpp 2 (convertedSinr),L3 neigh Id 3 (cellId),L3 neigh SINR 3,L3 neigh SINR 3gpp 3 (convertedSinr),L3 neigh Id 4 (cellId),L3 neigh SINR 4,L3 neigh SINR 3gpp 4 (convertedSinr),L3 neigh Id 5 (cellId),L3 neigh SINR 5,L3 neigh SINR 3gpp 5 (convertedSinr),L3 neigh Id 6 (cellId),L3 neigh SINR 6,L3 neigh SINR 3gpp 6 (convertedSinr),L3 neigh Id 7 (cellId),L3 neigh SINR 7,L3 neigh SINR 3gpp 7 (convertedSinr),L3 neigh Id 8 (cellId),L3 neigh SINR 8,L3 neigh SINR 3gpp 8 (convertedSinr)
1778855770139,00002,19,11,0,0,2,2,42.231380,127.000000,7,4.908175,56.000000,5,2.575542,52.000000,6,-1.927295,42.000000,8,-4.183250,38.000000,3,-9.600106,27.000000,4,-17.387750,11.000000,,,,,,
1778855770139,00005,19,11,0,0,2,5,42.456029,127.000000,3,0.593190,48.000000,5,-1.416538,44.000000,4,-2.468064,41.000000,6,-4.243533,38.000000,8,-4.497327,37.000000,7,-8.235473,30.000000,,,,,,
1778855770139,00006,19,11,0,0,2,6,22.050350,91.000000,3,5.889427,58.000000,8,-0.231847,46.000000,4,-8.261270,30.000000,7,-9.566192,27.000000,5,-15.578877,15.000000,6,-22.262681,1.000000,,,,,,
1778855770139,00011,19,11,0,0,2,11,47.735423,127.000000,6,8.483137,63.000000,4,5.364421,57.000000,3,-0.531298,45.000000,8,-4.620422,37.000000,5,-7.428779,31.000000,7,-26.004370,0.000000,,,,,,
1778855770139,00016,19,11,0,0,2,16,9.458581,65.000000,4,7.181269,61.000000,3,2.423752,51.000000,5,-0.841182,45.000000,6,-7.438124,31.000000,8,-22.496860,1.000000,7,-23.986274,0.000000,,,,,,
1778855770139,00019,19,11,0,0,2,19,19.950740,87.000000,3,10.533684,68.000000,4,9.212425,65.000000,6,3.061299,53.000000,8,2.341082,51.000000,5,-2.848261,41.000000,7,-18.677262,9.000000,,,,,,
1778855770139,00020,19,11,0,0,2,20,18.118094,83.000000,3,13.449896,73.000000,8,4.582827,56.000000,5,-4.807924,37.000000,4,-6.319793,34.000000,7,-15.502728,15.000000,6,-26.793261,0.000000,,,,,,
1778855770139,00022,19,11,0,0,2,22,3.534115,53.000000,4,3.508652,53.000000,8,0.098520,47.000000,5,-2.926329,40.000000,7,-4.198480,38.000000,6,-11.042868,24.000000,3,-17.200198,12.000000,,,,,,
1778855770139,00027,19,11,0,0,2,27,21.033037,89.000000,3,-2.400273,42.000000,6,-3.935757,38.000000,8,-4.009385,38.000000,7,-4.431106,37.000000,4,-6.539705,33.000000,5,-19.797032,6.000000,,,,,,
1778855770139,00035,19,11,0,0,2,35,18.158355,83.000000,4,7.078920,61.000000,3,3.409002,53.000000,6,-0.475356,45.000000,5,-7.336730,32.000000,8,-14.364174,17.000000,7,-21.012824,4.000000,,,,,,
1778855770139,00045,19,11,0,0,2,45,4.704932,56.000000,4,8.738856,64.000000,6,-7.679312,31.000000,5,-10.811366,25.000000,3,-10.941954,24.000000,8,-13.815767,19.000000,7,-18.081843,10.000000,,,,,,
1778855770139,00046,19,11,0,0,2,46,10.987682,69.000000,4,4.915569,56.000000,5,-5.456238,35.000000,3,-7.547913,31.000000,7,-14.385815,17.000000,6,-15.834116,14.000000,8,-19.230052,8.000000,,,,,,
1778855770139,00054,19,11,0,0,2,54,17.329850,81.000000,3,10.475062,67.000000,4,6.111768,59.000000,7,-6.522611,33.000000,6,-14.986523,16.000000,8,-18.346242,9.000000,5,-24.790022,0.000000,,,,,,
1778855770139,00055,19,11,0,0,2,55,2.487192,51.000000,3,0.857718,48.000000,4,-0.907401,45.000000,6,-3.650032,39.000000,5,-6.242116,34.000000,8,-13.717192,19.000000,7,-14.244491,18.000000,,,,,,
1778855770139,00056,19,11,0,0,2,56,6.357498,59.000000,3,2.785495,52.000000,5,-1.748464,43.000000,8,-3.281533,40.000000,6,-3.893919,39.000000,4,-6.085122,34.000000,7,-11.818943,23.000000,,,,,,
1778855770139,00058,19,11,0,0,2,58,1.150673,49.000000,5,2.306496,51.000000,6,1.160313,49.000000,8,-3.214101,40.000000,3,-12.011018,22.000000,7,-17.540197,11.000000,4,-19.153826,8.000000,,,,,,
1778855770139,00060,19,11,0,0,2,60,12.129792,71.000000,5,3.012236,52.000000,4,2.581643,52.000000,8,-3.171796,40.000000,6,-6.318593,34.000000,3,-7.804883,31.000000,7,-16.537471,13.000000,,,,,,
1778855770139,00012,19,11,0,0,2,12,47.723878,127.000000,8,9.312191,65.000000,3,-0.280884,46.000000,4,-2.126127,42.000000,5,-4.149329,38.000000,7,-5.370186,36.000000,6,-10.617593,25.000000,,,,,,
1778855770139,00050,19,11,0,0,2,50,17.029244,81.000000,5,9.944005,66.000000,4,9.745819,66.000000,6,-4.878456,37.000000,3,-10.056344,26.000000,8,-12.918638,20.000000,7,-15.517020,15.000000,,,,,,
1778855770239,00002,19,19,0,0,2,2,5.916584,58.000000,7,9.039954,65.000000,8,-0.191915,46.000000,5,-3.952710,38.000000,3,-5.913118,34.000000,6,-9.187042,28.000000,4,-9.818117,27.000000,,,,,,
1778855770239,00005,19,19,0,0,2,5,5.296949,57.000000,4,2.657653,52.000000,5,1.679884,50.000000,3,1.360957,49.000000,6,0.986204,48.000000,7,-3.519578,39.000000,8,-11.524545,23.000000,,,,,,
1778855770239,00006,19,19,0,0,2,6,19.488776,86.000000,3,11.208151,69.000000,8,-5.994787,34.000000,4,-6.175741,34.000000,7,-10.066989,26.000000,5,-13.123659,20.000000,6,-21.491764,3.000000,,,,,,
1778855770239,00011,19,19,0,0,2,11,2.692043,52.000000,6,12.087555,71.000000,4,4.838706,56.000000,3,3.718527,54.000000,8,-8.858676,29.000000,5,-9.492902,27.000000,7,-19.849046,6.000000,,,,,,
1778855770239,00016,19,19,0,0,2,16,10.399813,67.000000,4,8.687783,64.000000,5,4.477418,55.000000,3,0.871321,48.000000,6,0.646351,48.000000,7,-16.129907,14.000000,8,-16.554511,13.000000,,,,,,
1778855770239,00019,19,19,0,0,2,19,22.346604,91.000000,4,14.254375,75.000000,6,5.934799,58.000000,3,5.067310,57.000000,8,1.373937,49.000000,5,-7.607446,31.000000,7,-18.460122,9.000000,,,,,,
1778855770239,00020,19,19,0,0,2,20,18.172739,83.000000,3,11.503265,70.000000,8,10.232633,67.000000,4,-2.734251,41.000000,7,-5.494122,35.000000,5,-5.616850,35.000000,6,-22.156154,2.000000,,,,,,
1778855770239,00022,19,19,0,0,2,22,-2.230527,42.000000,8,6.789422,60.000000,4,5.580564,58.000000,5,-3.613575,39.000000,6,-10.821099,25.000000,7,-14.034990,18.000000,3,-18.185273,10.000000,,,,,,
1778855770239,00027,19,19,0,0,2,27,11.826452,70.000000,6,-2.911621,40.000000,3,-3.034642,40.000000,8,-6.609502,33.000000,4,-6.859983,33.000000,5,-14.119763,18.000000,7,-19.560494,7.000000,,,,,,
1778855770239,00035,19,19,0,0,2,35,6.081830,59.000000,4,7.327036,61.000000,3,1.663649,50.000000,6,-1.471335,43.000000,5,-4.685336,37.000000,8,-15.165365,16.000000,7,-17.775242,11.000000,,,,,,
1778855770239,00045,19,19,0,0,2,45,3.968915,54.000000,4,9.146419,65.000000,6,1.061278,49.000000,5,-6.617254,33.000000,3,-9.792692,27.000000,8,-11.131917,24.000000,7,-15.749011,15.000000,,,,,,
1778855770239,00046,19,19,0,0,2,46,10.390754,67.000000,4,12.577479,72.000000,5,-4.400022,37.000000,6,-14.491920,17.000000,3,-14.975546,16.000000,8,-18.098229,10.000000,7,-18.830642,8.000000,,,,,,
1778855770239,00054,19,19,0,0,2,54,23.499573,94.000000,4,13.427167,73.000000,3,10.143403,67.000000,7,-1.078419,44.000000,5,-8.539039,29.000000,6,-18.544549,9.000000,8,-24.393721,0.000000,,,,,,
1778855770239,00055,19,19,0,0,2,55,11.483625,70.000000,4,2.340170,51.000000,5,-1.861288,43.000000,3,-2.428144,41.000000,6,-10.105304,26.000000,7,-11.678536,23.000000,8,-22.986930,0.000000,,,,,,
1778855770239,00056,19,19,0,0,2,56,7.318012,61.000000,8,36.680807,120.000000,4,3.035145,52.000000,6,0.653845,48.000000,3,-0.605508,45.000000,5,-2.129021,42.000000,7,-12.553781,21.000000,,,,,,
1778855770239,00058,19,19,0,0,2,58,5.456420,57.000000,5,8.968769,64.000000,6,2.448330,51.000000,8,-0.818088,45.000000,3,-12.859348,20.000000,4,-14.823745,16.000000,7,-17.977451,10.000000,,,,,,
1778855770239,00060,19,19,0,0,2,60,5.480240,57.000000,5,7.197624,61.000000,4,-1.689571,43.000000,6,-3.304824,40.000000,3,-4.282978,38.000000,8,-7.266342,32.000000,7,-15.880041,14.000000,,,,,,
1778855770239,00012,19,19,0,0,2,12,15.249633,77.000000,3,1.077637,49.000000,8,1.023412,48.000000,4,-0.303444,46.000000,5,-5.115142,36.000000,7,-5.314515,36.000000,6,-10.552330,25.000000,,,,,,
1778855770239,00050,19,19,0,0,2,50,20.200948,87.000000,4,5.735381,58.000000,5,2.101138,51.000000,6,-2.828642,41.000000,3,-9.232895,28.000000,8,-9.719211,27.000000,7,-14.493822,17.000000,,,,,,
1778855770339,00002,20,19,0,0,2,2,4.393677,55.000000,7,11.131195,69.000000,5,8.701712,64.000000,3,3.132790,53.000000,8,1.199909,49.000000,6,-3.339077,40.000000,4,-7.603020,31.000000,,,,,,
1778855770339,00005,20,19,0,0,2,5,12.878309,72.000000,3,6.556118,60.000000,6,0.541769,47.000000,7,0.083138,47.000000,4,-0.415138,46.000000,8,-2.655343,41.000000,5,-4.277646,38.000000,,,,,,
1778855770339,00006,20,19,0,0,2,6,24.417448,96.000000,3,12.898109,72.000000,7,-1.515927,43.000000,8,-2.004239,42.000000,4,-7.651921,31.000000,5,-10.441508,25.000000,6,-17.405037,11.000000,,,,,,
1778855770339,00011,20,19,0,0,2,11,1.245180,49.000000,6,3.846989,54.000000,3,3.362281,53.000000,8,2.082460,51.000000,5,0.760469,48.000000,4,0.147024,47.000000,7,-14.840959,16.000000,,,,,,
1778855770339,00016,20,19,0,0,2,16,9.174438,65.000000,3,36.731451,120.000000,4,12.122959,71.000000,5,10.594218,68.000000,8,-2.914031,40.000000,7,-6.173076,34.000000,6,-7.951118,30.000000,,,,,,
1778855770339,00019,20,19,0,0,2,19,10.570210,68.000000,3,9.544419,66.000000,4,8.982831,64.000000,6,3.916180,54.000000,8,3.896345,54.000000,5,2.255307,51.000000,7,-18.915304,8.000000,,,,,,
1778855770339,00020,20,19,0,0,2,20,18.391140,83.000000,3,10.835301,68.000000,8,3.868344,54.000000,5,-0.636438,45.000000,4,-3.793603,39.000000,7,-5.832889,35.000000,6,-25.667726,0.000000,,,,,,
1778855770339,00022,20,19,0,0,2,22,-0.521735,45.000000,4,12.956128,72.000000,5,7.003820,60.000000,8,2.036484,50.000000,6,-5.133428,36.000000,3,-17.593566,11.000000,7,-18.932278,8.000000,,,,,,
1778855770339,00027,20,19,0,0,2,27,13.276196,73.000000,3,7.053398,61.000000,6,2.329619,51.000000,8,-2.250050,42.000000,4,-3.560249,39.000000,7,-10.361979,25.000000,5,-12.738847,21.000000,,,,,,
1778855770339,00035,20,19,0,0,2,35,11.801744,70.000000,4,14.519711,76.000000,5,3.148834,53.000000,3,-3.056778,40.000000,6,-4.596596,37.000000,7,-13.759582,19.000000,8,-16.257994,14.000000,,,,,,
1778855770339,00045,20,19,0,0,2,45,-1.203101,44.000000,4,8.060947,63.000000,5,-2.718477,41.000000,6,-6.670578,33.000000,3,-13.622509,19.000000,8,-14.280570,18.000000,7,-14.680406,17.000000,,,,,,
1778855770339,00046,20,19,0,0,2,46,11.046455,69.000000,4,15.920240,78.000000,5,3.231792,53.000000,6,-13.305640,20.000000,3,-13.315196,20.000000,7,-13.316964,20.000000,8,-17.582217,11.000000,,,,,,
1778855770339,00054,20,19,0,0,2,54,14.567220,76.000000,3,25.882321,99.000000,4,6.125946,59.000000,7,3.245832,53.000000,5,-5.900758,34.000000,6,-14.048680,18.000000,8,-16.908342,12.000000,,,,,,
1778855770339,00055,20,19,0,0,2,55,16.913163,80.000000,4,5.317654,57.000000,3,1.699983,50.000000,5,-1.900557,43.000000,6,-7.688641,31.000000,7,-14.189443,18.000000,8,-15.000661,16.000000,,,,,,
1778855770339,00056,20,19,0,0,2,56,8.223576,63.000000,3,49.502567,127.000000,8,4.279064,55.000000,4,1.416244,49.000000,5,-1.784490,43.000000,6,-2.965080,40.000000,7,-14.629788,17.000000,,,,,,
1778855770339,00058,20,19,0,0,2,58,11.289243,69.000000,8,4.870419,56.000000,5,4.728346,56.000000,6,-0.181582,46.000000,3,-7.259847,32.000000,7,-12.766026,21.000000,4,-14.373922,17.000000,,,,,,
1778855770339,00060,20,19,0,0,2,60,11.303725,69.000000,5,4.361680,55.000000,6,-1.943161,42.000000,3,-2.411237,42.000000,4,-4.072558,38.000000,8,-4.367998,38.000000,7,-21.996605,2.000000,,,,,,
1778855770339,00012,20,19,0,0,2,12,16.180303,79.000000,8,9.522980,66.000000,3,1.066076,49.000000,7,-3.487611,39.000000,6,-7.814517,31.000000,5,-8.652556,29.000000,4,-10.047037,26.000000,,,,,,
1778855770339,00050,20,19,0,0,2,50,8.937990,64.000000,5,12.626624,72.000000,4,7.324634,61.000000,6,-3.044319,40.000000,3,-6.645836,33.000000,7,-9.339529,28.000000,8,-12.383961,21.000000,,,,,,
1778855770339,00036,20,19,0,0,2,36,35.954769,119.000000,3,35.995624,119.000000,4,3.906146,54.000000,7,-7.439888,31.000000,6,-11.141852,24.000000,5,-14.193380,18.000000,8,-15.555882,15.000000,,,,,,
1778855770439,00002,20,20,0,0,2,2,4.137240,55.000000,7,8.149889,63.000000,5,5.096629,57.000000,3,1.947300,50.000000,8,-5.127253,36.000000,6,-6.493538,33.000000,4,-16.881885,12.000000,,,,,,
1778855770439,00005,20,20,0,0,2,5,3.932972,54.000000,7,3.345772,53.000000,3,0.091235,47.000000,4,-1.767024,43.000000,8,-3.893400,39.000000,6,-6.739067,33.000000,5,-6.874961,33.000000,,,,,,
1778855770439,00006,20,20,0,0,2,6,22.026202,91.000000,3,36.547648,120.000000,8,-6.706742,33.000000,4,-7.703758,31.000000,7,-11.551002,23.000000,5,-16.210660,14.000000,6,-21.490527,3.000000,,,,,,
1778855770439,00011,20,20,0,0,2,11,50.669336,127.000000,3,6.331057,59.000000,4,-1.302002,44.000000,5,-1.962380,42.000000,6,-2.921161,40.000000,8,-4.574100,37.000000,7,-17.733874,11.000000,,,,,,
1778855770439,00016,20,20,0,0,2,16,7.376776,61.000000,4,6.613861,60.000000,5,5.942951,58.000000,3,-0.285718,46.000000,6,-7.884521,30.000000,8,-7.954188,30.000000,7,-10.795287,25.000000,,,,,,
1778855770439,00019,20,20,0,0,2,19,19.034162,85.000000,3,7.631307,62.000000,8,5.327803,57.000000,4,4.817911,56.000000,6,-4.336483,38.000000,5,-6.590969,33.000000,7,-19.919191,6.000000,,,,,,
1778855770439,00020,20,20,0,0,2,20,20.971806,89.000000,3,17.966815,83.000000,4,13.713816,74.000000,8,-3.539117,39.000000,7,-8.900194,28.000000,5,-8.994091,28.000000,6,-29.933233,0.000000,,,,,,
1778855770439,00022,20,20,0,0,2,22,-5.886287,34.000000,5,7.298313,61.000000,4,3.651965,54.000000,8,-0.897832,45.000000,6,-8.072410,30.000000,7,-14.193561,18.000000,3,-23.841430,0.000000,,,,,,
1778855770439,00027,20,20,0,0,2,27,15.165611,77.000000,6,1.795331,50.000000,8,-0.086863,46.000000,3,-1.555128,43.000000,4,-4.910192,36.000000,5,-12.256367,22.000000,7,-18.014090,10.000000,,,,,,
1778855770439,00035,20,20,0,0,2,35,10.112093,67.000000,5,31.007276,109.000000,4,8.857909,64.000000,3,-0.751615,45.000000,6,-5.919926,34.000000,7,-11.494362,23.000000,8,-18.030056,10.000000,,,,,,
1778855770439,00045,20,20,0,0,2,45,-1.170018,44.000000,4,6.974227,60.000000,6,-6.067580,34.000000,5,-6.104754,34.000000,8,-13.877022,18.000000,7,-17.665920,11.000000,3,-18.627126,9.000000,,,,,,
1778855770439,00046,20,20,0,0,2,46,1.501400,49.000000,4,14.883775,76.000000,5,-2.521525,41.000000,6,-9.322935,28.000000,3,-19.804167,6.000000,7,-22.094659,2.000000,8,-26.291985,0.000000,,,,,,
1778855770439,00054,20,20,0,0,2,54,16.952438,81.000000,3,19.258082,85.000000,4,8.455770,63.000000,7,-1.094603,44.000000,5,-4.699581,37.000000,8,-12.228107,22.000000,6,-12.436761,21.000000,,,,,,
1778855770439,00055,20,20,0,0,2,55,11.938911,70.000000,4,-0.466167,45.000000,3,-7.029006,32.000000,5,-9.389352,27.000000,8,-11.824904,23.000000,6,-13.172031,20.000000,7,-13.757125,19.000000,,,,,,
1778855770439,00056,20,20,0,0,2,56,34.934268,117.000000,3,8.148037,63.000000,8,5.610404,58.000000,6,-4.379160,38.000000,4,-6.362603,34.000000,5,-11.511749,23.000000,7,-19.290317,7.000000,,,,,,
1778855770439,00058,20,20,0,0,2,58,5.290031,57.000000,6,43.640348,127.000000,5,5.287731,57.000000,8,-6.133362,34.000000,4,-8.229602,30.000000,3,-8.749308,29.000000,7,-16.526659,13.000000,,,,,,
1778855770439,00060,20,20,0,0,2,60,13.640098,74.000000,5,2.681926,52.000000,6,-1.656598,43.000000,4,-2.094577,42.000000,3,-2.490837,41.000000,8,-4.852552,37.000000,7,-23.503264,0.000000,,,,,,
1778855770439,00012,20,20,0,0,2,12,14.888665,76.000000,8,11.454914,69.000000,3,-0.798700,45.000000,5,-2.148370,42.000000,4,-2.811051,41.000000,6,-5.261706,36.000000,7,-8.331198,30.000000,,,,,,
1778855770439,00050,20,20,0,0,2,50,3.591793,54.000000,4,29.237200,105.000000,5,0.604922,48.000000,6,-8.454874,29.000000,8,-11.099475,24.000000,7,-11.435053,23.000000,3,-16.979896,12.000000,,,,,,
1778855770439,00036,20,20,0,0,2,36,-7.900520,30.000000,4,7.801481,62.000000,3,1.935226,50.000000,7,-1.940461,42.000000,8,-5.785485,35.000000,5,-9.394685,27.000000,6,-9.740792,27.000000,,,,,,
1778855770539,00002,20,20,0,0,2,2,-1.727143,43.000000,7,8.889698,64.000000,5,6.341142,59.000000,8,0.908971,48.000000,3,-0.617391,45.000000,6,-5.209904,36.000000,4,-11.758734,23.000000,,,,,,
1778855770539,00005,20,20,0,0,2,5,3.894376,54.000000,3,6.386666,59.000000,4,5.683378,58.000000,8,3.253304,53.000000,6,0.285873,47.000000,7,-2.703535,41.000000,5,-9.635990,27.000000,,,,,,
1778855770539,00006,20,20,0,0,2,6,20.540631,88.000000,3,21.176759,89.000000,7,1.871337,50.000000,4,-6.344043,34.000000,5,-11.103786,24.000000,8,-17.788607,11.000000,6,-22.248375,2.000000,,,,,,
1778855770539,00011,20,20,0,0,2,11,9.475067,65.000000,4,30.012685,107.000000,5,5.933669,58.000000,3,5.528945,58.000000,6,2.464684,51.000000,7,-3.614915,39.000000,8,-8.000491,30.000000,,,,,,
1778855770539,00016,20,20,0,0,2,16,5.480039,57.000000,6,30.140408,107.000000,3,8.007504,63.000000,5,5.877983,58.000000,4,5.241609,57.000000,8,-13.889741,18.000000,7,-15.633970,15.000000,,,,,,
1778855770539,00019,20,20,0,0,2,19,49.997920,127.000000,4,40.032006,127.000000,3,7.011570,60.000000,8,3.526054,53.000000,5,-4.538121,37.000000,6,-8.273222,30.000000,7,-10.972866,24.000000,,,,,,
1778855770539,00020,20,20,0,0,2,20,13.365607,73.000000,3,11.791967,70.000000,4,5.996249,58.000000,8,-0.748201,45.000000,7,-3.663397,39.000000,5,-9.730742,27.000000,6,-31.987093,0.000000,,,,,,
1778855770539,00022,20,20,0,0,2,22,3.377103,53.000000,5,11.113626,69.000000,8,8.247846,63.000000,4,7.141027,61.000000,6,-13.885557,18.000000,7,-20.077107,6.000000,3,-21.220885,4.000000,,,,,,
1778855770539,00027,20,20,0,0,2,27,6.845194,60.000000,6,6.270820,59.000000,4,3.089331,53.000000,3,0.709627,48.000000,8,-1.290001,44.000000,5,-2.011642,42.000000,7,-9.142479,28.000000,,,,,,
1778855770539,00035,20,20,0,0,2,35,8.716086,64.000000,4,9.169300,65.000000,5,4.524838,55.000000,3,2.020781,50.000000,7,0.919943,48.000000,6,-0.835830,45.000000,8,-17.317740,11.000000,,,,,,
1778855770539,00045,20,20,0,0,2,45,3.919420,54.000000,4,10.030809,67.000000,6,-1.587848,43.000000,7,-7.103268,32.000000,8,-10.150442,26.000000,5,-10.364882,25.000000,3,-10.468621,25.000000,,,,,,
1778855770539,00046,20,20,0,0,2,46,8.872780,64.000000,4,23.920769,95.000000,5,6.472496,59.000000,6,-0.472877,45.000000,3,-13.723085,19.000000,7,-17.386285,11.000000,8,-26.765509,0.000000,,,,,,
1778855770539,00054,20,20,0,0,2,54,14.910210,76.000000,3,25.560698,98.000000,4,10.680187,68.000000,7,3.604794,54.000000,8,-9.741034,27.000000,5,-11.471554,23.000000,6,-20.499810,5.000000,,,,,,
1778855770539,00055,20,20,0,0,2,55,16.587382,80.000000,4,8.706143,64.000000,5,-1.891340,43.000000,3,-3.092549,40.000000,8,-6.234440,34.000000,6,-8.371627,29.000000,7,-9.640860,27.000000,,,,,,
1778855770539,00056,20,20,0,0,2,56,13.505046,74.000000,3,15.550123,78.000000,8,8.809862,64.000000,6,2.499095,51.000000,5,-0.247891,46.000000,4,-1.749127,43.000000,7,-13.893832,18.000000,,,,,,
1778855770539,00058,20,20,0,0,2,58,11.089749,69.000000,5,11.965614,70.000000,8,-1.833182,43.000000,3,-5.948269,34.000000,6,-7.798227,31.000000,4,-11.209600,24.000000,7,-12.431847,21.000000,,,,,,
1778855770539,00060,20,20,0,0,2,60,10.911484,68.000000,5,6.349747,59.000000,6,0.157574,47.000000,8,-1.392088,44.000000,4,-11.735470,23.000000,3,-13.303707,20.000000,7,-14.070212,18.000000,,,,,,
1778855770539,00012,20,20,0,0,2,12,50.057640,127.000000,3,40.228545,127.000000,8,8.941090,64.000000,6,0.907254,48.000000,4,-2.707756,41.000000,5,-7.066352,32.000000,7,-7.710616,31.000000,,,,,,
1778855770539,00050,20,20,0,0,2,50,7.297746,61.000000,5,3.077445,53.000000,6,-1.734485,43.000000,7,-5.636713,35.000000,8,-10.749693,25.000000,3,-11.899020,22.000000,4,-12.090121,22.000000,,,,,,
1778855770539,00036,20,20,0,0,2,36,-5.892587,34.000000,3,37.594132,122.000000,4,6.139966,59.000000,7,-6.324848,34.000000,8,-7.553211,31.000000,6,-9.799978,27.000000,5,-12.029887,22.000000,,,,,,
1778855770639,00002,20,20,0,0,2,2,-2.900878,41.000000,7,8.413167,63.000000,3,8.365442,63.000000,5,7.304261,61.000000,8,-1.285558,44.000000,6,-11.294267,24.000000,4,-28.342293,0.000000,,,,,,
1778855770639,00005,20,20,0,0,2,5,3.050803,53.000000,3,6.834633,60.000000,4,0.410505,47.000000,6,-0.791394,45.000000,8,-0.950498,44.000000,7,-3.909766,38.000000,5,-12.345844,21.000000,,,,,,
1778855770639,00006,20,20,0,0,2,6,17.547758,82.000000,3,16.508231,80.000000,7,-2.893330,41.000000,4,-12.642614,21.000000,5,-16.524219,13.000000,8,-18.081773,10.000000,6,-21.473470,3.000000,,,,,,
1778855770639,00011,20,20,0,0,2,11,4.936428,56.000000,4,7.027470,61.000000,5,-0.419046,46.000000,3,-1.109470,44.000000,6,-5.025880,36.000000,8,-5.299866,36.000000,7,-9.147086,28.000000,,,,,,
1778855770639,00016,20,20,0,0,2,16,5.587795,58.000000,3,36.519376,120.000000,5,4.139702,55.000000,4,1.781608,50.000000,8,-18.263972,10.000000,6,-20.301689,5.000000,7,-22.918889,0.000000,,,,,,
1778855770639,00019,20,20,0,0,2,19,11.249131,69.000000,3,5.757386,58.000000,8,4.284371,55.000000,4,-8.155159,30.000000,6,-8.843479,29.000000,5,-10.951101,24.000000,7,-18.091379,10.000000,,,,,,
1778855770639,00020,20,20,0,0,2,20,8.573873,64.000000,3,12.609139,72.000000,4,4.955303,56.000000,8,-2.810176,41.000000,7,-10.104105,26.000000,5,-13.352114,19.000000,6,-30.953185,0.000000,,,,,,
1778855770639,00022,20,20,0,0,2,22,4.128283,55.000000,7,31.304394,109.000000,8,2.253216,51.000000,4,2.057154,51.000000,5,1.710614,50.000000,6,-9.826696,27.000000,3,-16.240553,14.000000,,,,,,
1778855770639,00027,20,20,0,0,2,27,7.930931,62.000000,3,6.143712,59.000000,6,-0.141173,46.000000,4,-1.479572,43.000000,8,-2.033830,42.000000,5,-9.472349,27.000000,7,-11.471942,23.000000,,,,,,
1778855770639,00035,20,20,0,0,2,35,11.286208,69.000000,4,11.049743,69.000000,3,1.824088,50.000000,6,-1.771765,43.000000,5,-4.358289,38.000000,7,-6.979669,32.000000,8,-19.503418,7.000000,,,,,,
1778855770639,00045,20,20,0,0,2,45,7.991203,62.000000,4,4.230386,55.000000,6,0.078626,47.000000,5,-5.302317,36.000000,7,-10.674873,25.000000,8,-12.789667,21.000000,3,-17.764779,11.000000,,,,,,
1778855770639,00046,20,20,0,0,2,46,10.892804,68.000000,4,15.685115,78.000000,5,0.569424,48.000000,6,-4.153961,38.000000,7,-18.505146,9.000000,3,-20.176411,6.000000,8,-26.180924,0.000000,,,,,,
1778855770639,00054,20,20,0,0,2,54,37.954128,123.000000,4,39.027286,125.000000,3,18.870531,84.000000,7,-0.772711,45.000000,8,-11.506716,23.000000,5,-14.658893,17.000000,6,-21.635128,3.000000,,,,,,
1778855770639,00055,20,20,0,0,2,55,26.740077,100.000000,4,13.118125,73.000000,3,2.432473,51.000000,8,-6.819374,33.000000,5,-10.109251,26.000000,7,-12.001256,22.000000,6,-16.094607,14.000000,,,,,,
1778855770639,00056,20,20,0,0,2,56,9.962581,66.000000,3,17.502134,82.000000,6,0.804258,48.000000,4,-2.914148,40.000000,8,-3.373233,40.000000,7,-9.761601,27.000000,5,-11.020711,24.000000,,,,,,
1778855770639,00058,20,20,0,0,2,58,5.144548,57.000000,5,2.618493,52.000000,8,-4.443371,37.000000,3,-10.242462,26.000000,4,-11.136651,24.000000,6,-11.535717,23.000000,7,-14.744445,17.000000,,,,,,
1778855770639,00060,20,20,0,0,2,60,8.836877,64.000000,5,2.531660,51.000000,3,-3.601445,39.000000,6,-4.383714,38.000000,8,-4.904582,36.000000,4,-12.266239,22.000000,7,-16.699539,13.000000,,,,,,
1778855770639,00012,20,20,0,0,2,12,10.064111,67.000000,3,7.675629,62.000000,8,3.251985,53.000000,4,-2.974027,40.000000,6,-6.428343,33.000000,5,-9.825429,27.000000,7,-13.314321,20.000000,,,,,,
1778855770639,00050,20,20,0,0,2,50,6.640223,60.000000,5,-2.834441,41.000000,7,-3.811343,39.000000,6,-4.392523,38.000000,8,-7.292412,32.000000,3,-10.803767,25.000000,4,-14.114234,18.000000,,,,,,
1778855770639,00036,20,20,0,0,2,36,-6.667750,33.000000,4,9.522253,66.000000,3,8.858307,64.000000,8,3.163620,53.000000,7,-10.662879,25.000000,5,-13.323221,20.000000,6,-18.722630,9.000000,,,,,,
1778855770739,00002,20,20,0,0,2,2,0.460825,47.000000,7,15.773399,78.000000,5,3.159037,53.000000,8,-5.461984,35.000000,6,-5.831624,35.000000,3,-7.538216,31.000000,4,-14.950125,16.000000,,,,,,
1778855770739,00005,20,20,0,0,2,5,5.779057,58.000000,6,8.906119,64.000000,8,7.799573,62.000000,4,7.380564,61.000000,3,1.741168,50.000000,7,-7.124816,32.000000,5,-12.000172,22.000000,,,,,,
1778855770739,00006,20,20,0,0,2,6,9.420691,65.000000,3,21.317894,89.000000,7,-1.811641,43.000000,4,-3.047793,40.000000,8,-12.761133,21.000000,5,-14.420235,17.000000,6,-14.521168,17.000000,,,,,,
1778855770739,00011,20,20,0,0,2,11,3.888445,54.000000,4,10.284575,67.000000,5,7.805691,62.000000,3,1.811523,50.000000,6,-2.572251,41.000000,8,-6.621728,33.000000,7,-15.935504,14.000000,,,,,,
1778855770739,00016,20,20,0,0,2,16,8.600325,64.000000,4,6.681915,60.000000,5,1.213492,49.000000,3,-0.217697,46.000000,8,-14.784132,17.000000,6,-19.956176,6.000000,7,-24.632466,0.000000,,,,,,
1778855770739,00019,20,20,0,0,2,19,14.251345,75.000000,3,1.338741,49.000000,4,1.037221,48.000000,8,0.754838,48.000000,5,-5.929173,34.000000,6,-6.410937,33.000000,7,-15.542824,15.000000,,,,,,
1778855770739,00020,20,20,0,0,2,20,8.092657,63.000000,4,4.109734,55.000000,3,3.243968,53.000000,8,3.237597,53.000000,7,-5.781627,35.000000,5,-11.285950,24.000000,6,-25.286499,0.000000,,,,,,
1778855770739,00022,20,20,0,0,2,22,10.289948,67.000000,5,42.599920,127.000000,8,2.269435,51.000000,4,-0.851907,45.000000,7,-11.659377,23.000000,3,-14.557748,17.000000,6,-15.117571,16.000000,,,,,,
1778855770739,00027,20,20,0,0,2,27,42.544749,127.000000,6,2.111065,51.000000,3,0.465377,47.000000,4,-0.193533,46.000000,5,-3.264781,40.000000,8,-3.327942,40.000000,7,-18.194127,10.000000,,,,,,
1778855770739,00035,20,20,0,0,2,35,8.390114,63.000000,6,30.368301,108.000000,4,20.523557,88.000000,3,5.063411,57.000000,5,1.137235,49.000000,7,-0.848223,45.000000,8,-21.012118,4.000000,,,,,,
1778855770739,00045,20,20,0,0,2,45,10.331331,67.000000,4,35.243204,117.000000,7,32.345107,112.000000,6,3.402037,53.000000,8,0.400610,47.000000,5,-8.889787,28.000000,3,-17.272310,12.000000,,,,,,
1778855770739,00046,20,20,0,0,2,46,10.011534,67.000000,4,9.872638,66.000000,5,0.864800,48.000000,6,0.571802,48.000000,7,-7.772084,31.000000,8,-23.676522,0.000000,3,-24.897630,0.000000,,,,,,
1778855770739,00054,20,20,0,0,2,54,18.827006,84.000000,7,34.385577,116.000000,3,13.526039,74.000000,4,6.026969,59.000000,8,-5.244103,36.000000,5,-8.632167,29.000000,6,-15.293640,16.000000,,,,,,
1778855770739,00055,20,20,0,0,2,55,19.611869,86.000000,4,20.117727,87.000000,8,-2.538498,41.000000,3,-6.792329,33.000000,7,-8.851852,29.000000,5,-13.465500,19.000000,6,-13.516071,19.000000,,,,,,
1778855770739,00056,20,20,0,0,2,56,9.197854,65.000000,3,33.999802,115.000000,6,6.171691,59.000000,4,-2.479575,41.000000,8,-6.094888,34.000000,5,-6.359083,34.000000,7,-11.940141,22.000000,,,,,,
1778855770739,00058,20,20,0,0,2,58,4.415047,55.000000,5,6.807196,60.000000,8,0.584482,48.000000,6,-4.654639,37.000000,3,-8.040783,30.000000,4,-8.362788,30.000000,7,-11.389022,23.000000,,,,,,
1778855770739,00060,20,20,0,0,2,60,12.825859,72.000000,5,5.885678,58.000000,6,3.737162,54.000000,8,-2.546839,41.000000,4,-8.321810,30.000000,3,-9.822790,27.000000,7,-16.114949,14.000000,,,,,,
1778855770739,00012,20,20,0,0,2,12,16.369559,79.000000,8,7.624932,62.000000,4,3.614128,54.000000,6,2.440707,51.000000,3,2.334289,51.000000,7,-2.479552,41.000000,5,-17.005202,12.000000,,,,,,
1778855770739,00050,20,20,0,0,2,50,1.210216,49.000000,6,-3.879016,39.000000,4,-5.238560,36.000000,7,-6.983187,32.000000,8,-8.986490,28.000000,5,-9.499972,27.000000,3,-18.774660,9.000000,,,,,,
1778855770739,00036,20,20,0,0,2,36,-5.012656,36.000000,3,8.048582,63.000000,4,1.722945,50.000000,8,-2.238572,42.000000,7,-12.158903,22.000000,5,-14.624944,17.000000,6,-19.998049,6.000000,,,,,,
1778855770839,00002,20,20,0,0,2,2,5.481132,57.000000,7,11.509420,70.000000,5,8.388719,63.000000,8,3.800087,54.000000,6,-6.745643,33.000000,3,-8.806392,29.000000,4,-20.679503,5.000000,,,,,,
1778855770839,00005,20,20,0,0,2,5,48.836743,127.000000,3,33.307181,114.000000,8,9.237988,65.000000,4,4.076442,55.000000,6,-4.755903,37.000000,5,-6.362177,34.000000,7,-6.462337,33.000000,,,,,,
1778855770839,00006,20,20,0,0,2,6,9.583888,66.000000,3,21.343435,89.000000,7,3.971335,54.000000,4,-4.589570,37.000000,6,-9.745357,27.000000,8,-14.285866,18.000000,5,-17.432292,11.000000,,,,,,
1778855770839,00011,20,20,0,0,2,11,0.181299,47.000000,3,3.096547,53.000000,5,2.734358,52.000000,4,1.554853,49.000000,8,-3.007861,40.000000,6,-6.619445,33.000000,7,-6.997377,32.000000,,,,,,
1778855770839,00016,20,20,0,0,2,16,4.232291,55.000000,6,26.524353,100.000000,4,8.402401,63.000000,5,3.542855,54.000000,3,2.579711,52.000000,8,-11.050922,24.000000,7,-23.578478,0.000000,,,,,,
1778855770839,00019,20,20,0,0,2,19,8.095016,63.000000,4,39.733020,126.000000,3,1.300241,49.000000,5,-2.413218,42.000000,8,-4.695989,37.000000,6,-5.119385,36.000000,7,-17.204568,12.000000,,,,,,
1778855770839,00020,20,20,0,0,2,20,6.179140,59.000000,4,0.488033,47.000000,3,-3.398823,40.000000,7,-6.255166,34.000000,8,-7.884335,30.000000,5,-11.161928,24.000000,6,-32.608959,0.000000,,,,,,
1778855770839,00022,20,20,0,0,2,22,6.723430,60.000000,5,5.871338,58.000000,8,3.209514,53.000000,4,-2.181829,42.000000,6,-11.590860,23.000000,7,-12.139378,22.000000,3,-17.134476,12.000000,,,,,,
1778855770839,00027,20,20,0,0,2,27,-4.815727,37.000000,4,45.443327,127.000000,6,14.244331,75.000000,3,8.206900,63.000000,5,-1.141759,44.000000,8,-2.069289,42.000000,7,-16.950163,12.000000,,,,,,
1778855770839,00035,20,20,0,0,2,35,6.789287,60.000000,4,17.372494,81.000000,3,2.711319,52.000000,5,-0.083815,46.000000,6,-7.685983,31.000000,7,-8.625642,29.000000,8,-25.017757,0.000000,,,,,,
1778855770839,00045,20,20,0,0,2,45,11.558951,70.000000,6,2.240700,51.000000,4,-2.970273,40.000000,5,-3.091279,40.000000,7,-7.452858,31.000000,8,-11.329114,24.000000,3,-14.785523,17.000000,,,,,,
1778855770839,00046,20,20,0,0,2,46,2.941593,52.000000,4,24.032635,95.000000,6,3.821106,54.000000,5,-3.698013,39.000000,7,-7.033456,32.000000,3,-17.498158,11.000000,8,-33.015097,0.000000,,,,,,
1778855770839,00054,20,20,0,0,2,54,49.826433,127.000000,3,18.238257,83.000000,4,10.772950,68.000000,7,10.309637,67.000000,5,-12.027819,22.000000,8,-12.254926,22.000000,6,-18.824625,8.000000,,,,,,
1778855770839,00055,20,20,0,0,2,55,27.490422,102.000000,4,20.598843,88.000000,3,-5.625832,35.000000,7,-6.383570,33.000000,8,-7.299980,32.000000,5,-9.133697,28.000000,6,-11.843031,22.000000,,,,,,
1778855770839,00056,20,20,0,0,2,56,13.956465,74.000000,3,32.822221,113.000000,4,2.391032,51.000000,6,1.475316,49.000000,8,-6.774787,33.000000,5,-10.442950,25.000000,7,-14.241324,18.000000,,,,,,
1778855770839,00058,20,20,0,0,2,58,13.322915,73.000000,5,8.812660,64.000000,6,-2.097869,42.000000,4,-6.344468,34.000000,8,-7.047301,32.000000,3,-9.098115,28.000000,7,-12.001864,22.000000,,,,,,
1778855770839,00060,20,20,0,0,2,60,40.076496,127.000000,6,7.892697,62.000000,8,2.540404,51.000000,3,0.251805,47.000000,5,-3.288202,40.000000,4,-5.543578,35.000000,7,-16.862383,12.000000,,,,,,
1778855770839,00012,20,20,0,0,2,12,18.456566,84.000000,8,5.678543,58.000000,4,5.600287,58.000000,6,2.396744,51.000000,3,-1.528506,43.000000,7,-6.687352,33.000000,5,-12.311612,22.000000,,,,,,
1778855770839,00050,20,20,0,0,2,50,4.458907,55.000000,8,32.865438,113.000000,4,1.519961,49.000000,5,-3.985105,38.000000,6,-4.805649,37.000000,7,-4.949634,36.000000,3,-16.948563,12.000000,,,,,,
1778855770839,00036,20,20,0,0,2,36,-3.990781,38.000000,3,8.752458,64.000000,4,-4.354014,38.000000,8,-4.449776,37.000000,7,-8.919598,28.000000,6,-13.774992,19.000000,5,-14.268710,18.000000,,,,,,
