timestamp,ueImsiComplete,DRB.PdcpSduDelayDl(cellAverageLatency),m_pDCPBytesUL(0),m_pDCPBytesDL(cellDlTxVolume),DRB.PdcpSduVolumeDl_Filter.UEID(txBytes),Tot.PdcpSduNbrDl.UEID(txDlPackets),DRB.PdcpSduBitRateDl.UEID(pdcpThroughput),DRB.PdcpSduDelayDl.UEID(pdcpLatency),txPdcpPduLteRlc,txPdcpPduBytesLteRlc,QosFlow.PdcpPduVolumeDL_Filter.UEID(txPdcpPduBytesNrRlc),DRB.PdcpPduNbrDl.Qos.UEID(txPdcpPduNrRlc)
1778855770139,00015,0.000000,0,0,0,0,0.000000,0.000000,0,0,0.000000,0
1778855770139,00008,0.000000,0,0,0,0,0.000000,0.000000,0,0,0.000000,0
1778855770139,00030,0.000000,0,0,0,0,0.000000,0.000000,0,0,0.000000,0
1778855770139,00026,0.000000,0,0,0,0,0.000000,0.000000,0,0,0.000000,0
1778855770139,00031,0.000000,0,0,0,0,0.000000,0.000000,0,0,0.000000,0
1778855770139,00004,0.000000,0,0,0,0,0.000000,0.000000,0,0,0.000000,0
1778855770139,00018,0.000000,0,0,0,0,0.000000,0.000000,0,0,0.000000,0
1778855770139,00034,0.000000,0,0,0,0,0.000000,0.000000,0,0,0.000000,0
1778855770139,00041,0.000000,0,0,0,0,0.000000,0.000000,0,0,0.000000,0
1778855770139,00063,0.000000,0,0,0,0,0.000000,0.000000,0,0,0.000000,0
1778855770139,00009,0.000000,0,0,0,0,0.000000,0.000000,0,0,0.000000,0
1778855770139,00028,0.000000,0,0,0,0,0.000000,0.000000,0,0,0.000000,0
1778855770139,00043,0.000000,0,0,0,0,0.000000,0.000000,0,0,0.000000,0
1778855770139,00040,0.000000,0,0,0,0,0.000000,0.000000,0,0,0.000000,0
1778855770139,00020,0.000000,0,0,0,0,0.000000,0.000000,0,0,0.000000,0
1778855770139,00037,0.000000,0,0,0,0,0.000000,0.000000,0,0,0.000000,0
1778855770139,00029,0.000000,0,0,0,0,0.000000,0.000000,0,0,0.000000,0
1778855770139,00038,0.000000,0,0,0,0,0.000000,0.000000,0,0,0.000000,0
1778855770139,00010,0.000000,0,0,0,0,0.000000,0.000000,0,0,0.000000,0
1778855770139,00053,0.000000,0,0,0,0,0.000000,0.000000,0,0,0.000000,0
1778855770139,00011,0.000000,0,0,0,0,0.000000,0.000000,0,0,0.000000,0
1778855770139,00016,0.000000,0,0,0,0,0.000000,0.000000,0,0,0.000000,0
1778855770139,00039,0.000000,0,0,0,0,0.000000,0.000000,0,0,0.000000,0
1778855770139,00046,0.000000,0,0,0,0,0.000000,0.000000,0,0,0.000000,0
1778855770139,00032,0.000000,0,0,0,0,0.000000,0.000000,0,0,0.000000,0
1778855770139,00045,0.000000,0,0,0,0,0.000000,0.000000,0,0,0.000000,0
1778855770139,00035,0.000000,0,0,0,0,0.000000,0.000000,0,0,0.000000,0
1778855770139,00051,0.000000,0,0,0,0,0.000000,0.000000,0,0,0.000000,0
1778855770139,00054,0.000000,0,0,0,0,0.000000,0.000000,0,0,0.000000,0
1778855770139,00062,0.000000,0,0,0,0,0.000000,0.000000,0,0,0.000000,0
1778855770139,00007,0.000000,0,0,0,0,0.000000,0.000000,0,0,0.000000,0
1778855770139,00056,0.000000,0,0,0,0,0.000000,0.000000,0,0,0.000000,0
1778855770139,00042,0.000000,0,0,0,0,0.000000,0.000000,0,0,0.000000,0
1778855770139,00023,0.000000,0,0,0,0,0.000000,0.000000,0,0,0.000000,0
1778855770139,00027,0.000000,0,0,0,0,0.000000,0.000000,0,0,0.000000,0
1778855770139,00033,0.000000,0,0,0,0,0.000000,0.000000,0,0,0.000000,0
1778855770139,00014,0.000000,0,0,0,0,0.000000,0.000000,0,0,0.000000,0
1778855770139,00055,0.000000,0,0,0,0,0.000000,0.000000,0,0,0.000000,0
1778855770139,00017,0.000000,0,0,0,0,0.000000,0.000000,0,0,0.000000,0
1778855770139,00044,0.000000,0,0,0,0,0.000000,0.000000,0,0,0.000000,0
1778855770139,00060,0.000000,0,0,0,0,0.000000,0.000000,0,0,0.000000,0
1778855770139,00022,0.000000,0,0,0,0,0.000000,0.000000,0,0,0.000000,0
1778855770139,00006,0.000000,0,0,0,0,0.000000,0.000000,0,0,0.000000,0
1778855770139,00048,0.000000,0,0,0,0,0.000000,0.000000,0,0,0.000000,0
1778855770139,00003,0.000000,0,0,0,0,0.000000,0.000000,0,0,0.000000,0
1778855770139,00005,0.000000,0,0,0,0,0.000000,0.000000,0,0,0.000000,0
1778855770139,00047,0.000000,0,0,0,0,0.000000,0.000000,0,0,0.000000,0
1778855770139,00019,0.000000,0,0,0,0,0.000000,0.000000,0,0,0.000000,0
1778855770139,00024,0.000000,0,0,0,0,0.000000,0.000000,0,0,0.000000,0
1778855770139,00058,0.000000,0,0,0,0,0.000000,0.000000,0,0,0.000000,0
1778855770139,00052,0.000000,0,0,0,0,0.000000,0.000000,0,0,0.000000,0
1778855770139,00013,0.000000,0,0,0,0,0.000000,0.000000,0,0,0.000000,0
1778855770139,00057,0.000000,0,0,0,0,0.000000,0.000000,0,0,0.000000,0
1778855770139,00059,0.000000,0,0,0,0,0.000000,0.000000,0,0,0.000000,0
1778855770139,00049,0.000000,0,0,0,0,0.000000,0.000000,0,0,0.000000,0
1778855770139,00002,0.000000,0,0,0,0,0.000000,0.000000,0,0,0.000000,0
1778855770139,00001,0.000000,0,0,0,0,0.000000,0.000000,0,0,0.000000,0
1778855770139,00021,0.000000,0,0,0,0,0.000000,0.000000,0,0,0.000000,0
1778855770139,00050,0.000000,0,0,0,0,0.000000,0.000000,0,0,0.000000,0
1778855770139,00061,0.000000,0,0,0,0,0.000000,0.000000,0,0,0.000000,0
1778855770139,00036,0.000000,0,0,0,0,0.000000,0.000000,0,0,0.000000,0
1778855770139,00025,0.000000,0,0,0,0,0.000000,0.000000,0,0,0.000000,0
1778855770139,00012,0.000000,0,0,0,0,0.000000,0.000000,0,0,0.000000,0
1778855770239,00015,0.000000,0,0,0,0,0.000000,0.000000,0,0,0.000000,0
1778855770239,00008,0.000000,0,0,0,0,0.000000,0.000000,0,0,0.000000,0
1778855770239,00030,0.000000,0,0,0,0,0.000000,0.000000,0,0,0.000000,0
1778855770239,00026,0.000000,0,0,0,0,0.000000,0.000000,0,0,0.000000,0
1778855770239,00031,0.000000,0,0,0,0,0.000000,0.000000,0,0,0.000000,0
1778855770239,00004,0.000000,0,0,0,0,0.000000,0.000000,0,0,0.000000,0
1778855770239,00018,0.000000,0,0,0,0,0.000000,0.000000,0,0,0.000000,0
1778855770239,00034,0.000000,0,0,0,0,0.000000,0.000000,0,0,0.000000,0
1778855770239,00041,0.000000,0,0,0,0,0.000000,0.000000,0,0,0.000000,0
1778855770239,00063,0.000000,0,0,0,0,0.000000,0.000000,0,0,0.000000,0
1778855770239,00009,0.000000,0,0,0,0,0.000000,0.000000,0,0,0.000000,0
1778855770239,00028,0.000000,0,0,0,0,0.000000,0.000000,0,0,0.000000,0
1778855770239,00043,0.000000,0,0,0,0,0.000000,0.000000,0,0,0.000000,0
1778855770239,00040,0.000000,0,0,0,0,0.000000,0.000000,0,0,0.000000,0
1778855770239,00020,0.000000,0,0,0,0,0.000000,0.000000,0,0,0.000000,0
1778855770239,00037,0.000000,0,0,0,0,0.000000,0.000000,0,0,0.000000,0
1778855770239,00029,0.000000,0,0,0,0,0.000000,0.000000,0,0,0.000000,0
1778855770239,00038,0.000000,0,0,0,0,0.000000,0.000000,0,0,0.000000,0
1778855770239,00010,0.000000,0,0,0,0,0.000000,0.000000,0,0,0.000000,0
1778855770239,00053,0.000000,0,0,0,0,0.000000,0.000000,0,0,0.000000,0
1778855770239,00011,0.000000,0,0,0,0,0.000000,0.000000,0,0,0.000000,0
1778855770239,00016,0.000000,0,0,0,0,0.000000,0.000000,0,0,0.000000,0
1778855770239,00039,0.000000,0,0,0,0,0.000000,0.000000,0,0,0.000000,0
1778855770239,00046,0.000000,0,0,0,0,0.000000,0.000000,0,0,0.000000,0
1778855770239,00032,0.000000,0,0,0,0,0.000000,0.000000,0,0,0.000000,0
1778855770239,00045,0.000000,0,0,0,0,0.000000,0.000000,0,0,0.000000,0
1778855770239,00035,0.000000,0,0,0,0,0.000000,0.000000,0,0,0.000000,0
1778855770239,00051,0.000000,0,0,0,0,0.000000,0.000000,0,0,0.000000,0
1778855770239,00054,0.000000,0,0,0,0,0.000000,0.000000,0,0,0.000000,0
1778855770239,00062,0.000000,0,0,0,0,0.000000,0.000000,0,0,0.000000,0
1778855770239,00007,0.000000,0,0,0,0,0.000000,0.000000,0,0,0.000000,0
1778855770239,00056,0.000000,0,0,0,0,0.000000,0.000000,0,0,0.000000,0
1778855770239,00042,0.000000,0,0,0,0,0.000000,0.000000,0,0,0.000000,0
1778855770239,00023,0.000000,0,0,0,0,0.000000,0.000000,0,0,0.000000,0
1778855770239,00027,0.000000,0,0,0,0,0.000000,0.000000,0,0,0.000000,0
1778855770239,00033,0.000000,0,0,0,0,0.000000,0.000000,0,0,0.000000,0
1778855770239,00014,0.000000,0,0,0,0,0.000000,0.000000,0,0,0.000000,0
1778855770239,00055,0.000000,0,0,0,0,0.000000,0.000000,0,0,0.000000,0
1778855770239,00017,0.000000,0,0,0,0,0.000000,0.000000,0,0,0.000000,0
1778855770239,00044,0.000000,0,0,0,0,0.000000,0.000000,0,0,0.000000,0
1778855770239,00060,0.000000,0,0,0,0,0.000000,0.000000,0,0,0.000000,0
1778855770239,00022,0.000000,0,0,0,0,0.000000,0.000000,0,0,0.000000,0
1778855770239,00006,0.000000,0,0,0,0,0.000000,0.000000,0,0,0.000000,0
1778855770239,00048,0.000000,0,0,0,0,0.000000,0.000000,0,0,0.000000,0
1778855770239,00003,0.000000,0,0,0,0,0.000000,0.000000,0,0,0.000000,0
1778855770239,00005,0.000000,0,0,0,0,0.000000,0.000000,0,0,0.000000,0
1778855770239,00047,0.000000,0,0,0,0,0.000000,0.000000,0,0,0.000000,0
1778855770239,00019,0.000000,0,0,0,0,0.000000,0.000000,0,0,0.000000,0
1778855770239,00024,0.000000,0,0,0,0,0.000000,0.000000,0,0,0.000000,0
1778855770239,00058,0.000000,0,0,0,0,0.000000,0.000000,0,0,0.000000,0
1778855770239,00052,0.000000,0,0,0,0,0.000000,0.000000,0,0,0.000000,0
1778855770239,00013,0.000000,0,0,0,0,0.000000,0.000000,0,0,0.000000,0
1778855770239,00057,0.000000,0,0,0,0,0.000000,0.000000,0,0,0.000000,0
1778855770239,00059,0.000000,0,0,0,0,0.000000,0.000000,0,0,0.000000,0
1778855770239,00049,0.000000,0,0,0,0,0.000000,0.000000,0,0,0.000000,0
1778855770239,00002,0.000000,0,0,0,0,0.000000,0.000000,0,0,0.000000,0
1778855770239,00001,0.000000,0,0,0,0,0.000000,0.000000,0,0,0.000000,0
1778855770239,00021,0.000000,0,0,0,0,0.000000,0.000000,0,0,0.000000,0
1778855770239,00050,0.000000,0,0,0,0,0.000000,0.000000,0,0,0.000000,0
1778855770239,00061,0.000000,0,0,0,0,0.000000,0.000000,0,0,0.000000,0
1778855770239,00036,0.000000,0,0,0,0,0.000000,0.000000,0,0,0.000000,0
1778855770239,00025,0.000000,0,0,0,0,0.000000,0.000000,0,0,0.000000,0
1778855770239,00012,0.000000,0,0,0,0,0.000000,0.000000,0,0,0.000000,0
1778855770339,00015,133.717880,0,1211,1,2,10.000000,19.816220,1,0,1.000000,1
1778855770339,00008,133.717880,0,1211,12,5,120.000000,19.989868,2,9,3.000000,3
1778855770339,00030,133.717880,0,1211,0,0,0.000000,0.000000,0,0,0.000000,0
1778855770339,00026,133.717880,0,1211,0,0,0.000000,0.000000,0,0,0.000000,0
1778855770339,00031,133.717880,0,1211,1,2,10.000000,24.899655,1,0,1.000000,1
1778855770339,00004,133.717880,0,1211,1,2,10.000000,250.355135,2,1,0.000000,0
1778855770339,00018,133.717880,0,1211,0,0,0.000000,0.000000,0,0,0.000000,0
1778855770339,00034,133.717880,0,1211,0,0,0.000000,0.000000,0,0,0.000000,0
1778855770339,00041,133.717880,0,1211,84,22,840.000000,122.428126,10,39,45.000000,12
1778855770339,00063,133.717880,0,1211,47,14,470.000000,203.891004,14,47,0.000000,0
1778855770339,00009,133.717880,0,1211,101,26,1010.000000,87.596663,13,45,56.000000,13
1778855770339,00028,133.717880,0,1211,1,2,10.000000,42.312320,1,0,1.000000,1
1778855770339,00043,133.717880,0,1211,1,2,10.000000,265.343825,2,1,0.000000,0
1778855770339,00040,133.717880,0,1211,1,2,10.000000,48.558810,1,0,1.000000,1
1778855770339,00020,133.717880,0,1211,1,2,10.000000,150.386130,2,1,0.000000,0
1778855770339,00037,133.717880,0,1211,47,14,470.000000,396.824004,14,47,0.000000,0
1778855770339,00029,133.717880,0,1211,115,29,1150.000000,29.373788,9,30,85.000000,20
1778855770339,00038,133.717880,0,1211,0,0,0.000000,0.000000,0,0,0.000000,0
1778855770339,00010,133.717880,0,1211,0,0,0.000000,0.000000,0,0,0.000000,0
1778855770339,00053,133.717880,0,1211,47,14,470.000000,397.537621,14,47,0.000000,0
1778855770339,00011,133.717880,0,1211,1,2,10.000000,68.567390,1,0,1.000000,1
1778855770339,00016,133.717880,0,1211,1,2,10.000000,165.387300,2,1,0.000000,0
1778855770339,00039,133.717880,0,1211,1,2,10.000000,149.977320,2,1,0.000000,0
1778855770339,00046,133.717880,0,1211,0,0,0.000000,0.000000,0,0,0.000000,0
1778855770339,00032,133.717880,0,1211,1,2,10.000000,159.981220,2,1,0.000000,0
1778855770339,00045,133.717880,0,1211,47,14,470.000000,169.973420,14,47,0.000000,0
1778855770339,00035,133.717880,0,1211,75,21,750.000000,61.673274,8,38,37.000000,13
1778855770339,00051,133.717880,0,1211,1,2,10.000000,179.970300,2,1,0.000000,0
1778855770339,00054,133.717880,0,1211,0,0,0.000000,0.000000,0,0,0.000000,0
1778855770339,00062,133.717880,0,1211,0,0,0.000000,0.000000,0,0,0.000000,0
1778855770339,00007,133.717880,0,1211,63,18,630.000000,42.503602,6,21,42.000000,12
1778855770339,00056,133.717880,0,1211,1,2,10.000000,102.304130,1,0,1.000000,1
1778855770339,00042,133.717880,0,1211,0,0,0.000000,0.000000,0,0,0.000000,0
1778855770339,00023,133.717880,0,1211,1,2,10.000000,190.385350,2,1,0.000000,0
1778855770339,00027,133.717880,0,1211,1,2,10.000000,195.384180,2,1,0.000000,0
1778855770339,00033,133.717880,0,1211,47,14,470.000000,219.980440,14,47,0.000000,0
1778855770339,00014,133.717880,0,1211,0,0,0.000000,0.000000,0,0,0.000000,0
1778855770339,00055,133.717880,0,1211,1,2,10.000000,118.643805,1,0,1.000000,1
1778855770339,00017,133.717880,0,1211,47,14,470.000000,239.989800,14,47,0.000000,0
1778855770339,00044,133.717880,0,1211,1,2,10.000000,249.974200,2,1,0.000000,0
1778855770339,00060,133.717880,0,1211,1,2,10.000000,44.802570,1,0,1.000000,1
1778855770339,00022,133.717880,0,1211,0,0,0.000000,0.000000,0,0,0.000000,0
1778855770339,00006,133.717880,0,1211,0,0,0.000000,0.000000,0,0,0.000000,0
1778855770339,00048,133.717880,0,1211,1,2,10.000000,259.971860,2,1,0.000000,0
1778855770339,00003,133.717880,0,1211,1,2,10.000000,138.569730,1,0,1.000000,1
1778855770339,00005,133.717880,0,1211,61,17,610.000000,110.296398,11,37,24.000000,6
1778855770339,00047,133.717880,0,1211,0,1,0.000000,349.972640,1,0,0.000000,0
1778855770339,00019,133.717880,0,1211,1,2,10.000000,245.386520,2,1,0.000000,0
1778855770339,00024,133.717880,0,1211,1,2,10.000000,59.724205,1,0,1.000000,1
1778855770339,00058,133.717880,0,1211,0,0,0.000000,0.000000,0,0,0.000000,0
1778855770339,00052,133.717880,0,1211,1,2,10.000000,379.969520,2,1,0.000000,0
1778855770339,00013,133.717880,0,1211,47,14,470.000000,389.992140,14,47,0.000000,0
1778855770339,00057,133.717880,0,1211,47,14,470.000000,399.966400,14,47,0.000000,0
1778855770339,00059,133.717880,0,1211,1,2,10.000000,409.965620,2,1,0.000000,0
1778855770339,00049,133.717880,0,1211,110,28,1100.000000,60.956401,10,42,68.000000,18
1778855770339,00002,133.717880,0,1211,0,0,0.000000,0.000000,0,0,0.000000,0
1778855770339,00001,133.717880,0,1211,47,14,470.000000,429.999160,14,47,0.000000,0
1778855770339,00021,133.717880,0,1211,47,14,470.000000,84.992746,7,19,28.000000,7
1778855770339,00050,133.717880,0,1211,0,0,0.000000,0.000000,0,0,0.000000,0
1778855770339,00061,133.717880,0,1211,47,14,470.000000,97.577916,9,33,14.000000,5
1778855770339,00036,133.717880,0,1211,1,3,10.000000,242.309980,2,1,0.000000,1
1778855770339,00025,133.717880,0,1211,47,14,470.000000,93.446748,9,30,17.000000,5
1778855770339,00012,133.717880,0,1211,1,2,10.000000,252.317000,1,0,1.000000,1
1778855770439,00015,111.366146,0,6916,58,15,580.000000,21.523812,7,28,30.000000,8
1778855770439,00008,111.366146,0,6916,0,0,0.000000,0.000000,0,0,0.000000,0
1778855770439,00030,111.366146,0,6916,0,0,0.000000,0.000000,0,0,0.000000,0
1778855770439,00026,111.366146,0,6916,1079,103,10790.000000,35.076005,51,534,545.000000,52
1778855770439,00031,111.366146,0,6916,0,0,0.000000,0.000000,0,0,0.000000,0
1778855770439,00004,111.366146,0,6916,0,0,0.000000,0.000000,0,0,0.000000,0
1778855770439,00018,111.366146,0,6916,0,0,0.000000,0.000000,0,0,0.000000,0
1778855770439,00034,111.366146,0,6916,0,0,0.000000,0.000000,0,0,0.000000,0
1778855770439,00041,111.366146,0,6916,118,25,1180.000000,79.127831,9,42,76.000000,16
1778855770439,00063,111.366146,0,6916,182,42,1820.000000,167.821719,42,182,0.000000,0
1778855770439,00009,111.366146,0,6916,118,25,1180.000000,39.182699,15,71,47.000000,10
1778855770439,00028,111.366146,0,6916,0,0,0.000000,0.000000,0,0,0.000000,0
1778855770439,00043,111.366146,0,6916,0,0,0.000000,0.000000,0,0,0.000000,0
1778855770439,00040,111.366146,0,6916,35,9,350.000000,21.276637,4,19,16.000000,5
1778855770439,00020,111.366146,0,6916,0,0,0.000000,0.000000,0,0,0.000000,0
1778855770439,00037,111.366146,0,6916,231,49,2310.000000,150.672710,49,231,0.000000,0
1778855770439,00029,111.366146,0,6916,94,20,940.000000,72.023549,10,47,47.000000,10
1778855770439,00038,111.366146,0,6916,0,0,0.000000,0.000000,0,0,0.000000,0
1778855770439,00010,111.366146,0,6916,0,0,0.000000,0.000000,0,0,0.000000,0
1778855770439,00053,111.366146,0,6916,271,61,2710.000000,105.146631,19,90,181.000000,42
1778855770439,00011,111.366146,0,6916,0,0,0.000000,0.000000,0,0,0.000000,0
1778855770439,00016,111.366146,0,6916,0,0,0.000000,0.000000,0,0,0.000000,0
1778855770439,00039,111.366146,0,6916,0,0,0.000000,410.712670,0,0,0.000000,0
1778855770439,00046,111.366146,0,6916,1184,113,11840.000000,65.122429,43,451,733.000000,70
1778855770439,00032,111.366146,0,6916,0,0,0.000000,410.712670,0,0,0.000000,0
1778855770439,00045,111.366146,0,6916,231,49,2310.000000,255.201736,49,231,0.000000,0
1778855770439,00035,111.366146,0,6916,127,27,1270.000000,60.719461,16,76,51.000000,11
1778855770439,00051,111.366146,0,6916,0,0,0.000000,410.712670,0,0,0.000000,0
1778855770439,00054,111.366146,0,6916,0,0,0.000000,0.000000,0,0,0.000000,0
1778855770439,00062,111.366146,0,6916,0,0,0.000000,0.000000,0,0,0.000000,0
1778855770439,00007,111.366146,0,6916,101,22,1010.000000,117.229106,13,59,42.000000,9
1778855770439,00056,111.366146,0,6916,0,0,0.000000,0.000000,0,0,0.000000,0
1778855770439,00042,111.366146,0,6916,0,0,0.000000,0.000000,0,0,0.000000,0
1778855770439,00023,111.366146,0,6916,0,0,0.000000,0.000000,0,0,0.000000,0
1778855770439,00027,111.366146,0,6916,0,0,0.000000,0.000000,0,0,0.000000,0
1778855770439,00033,111.366146,0,6916,228,52,2280.000000,371.350862,24,106,122.000000,28
1778855770439,00014,111.366146,0,6916,0,0,0.000000,0.000000,0,0,0.000000,0
1778855770439,00055,111.366146,0,6916,0,0,0.000000,0.000000,0,0,0.000000,0
1778855770439,00017,111.366146,0,6916,85,18,850.000000,375.558879,18,85,0.000000,0
1778855770439,00044,111.366146,0,6916,0,0,0.000000,600.712670,0,0,0.000000,0
1778855770439,00060,111.366146,0,6916,0,0,0.000000,0.000000,0,0,0.000000,0
1778855770439,00022,111.366146,0,6916,0,0,0.000000,0.000000,0,0,0.000000,0
1778855770439,00006,111.366146,0,6916,1844,176,18440.000000,27.685483,88,922,922.000000,88
1778855770439,00048,111.366146,0,6916,0,0,0.000000,600.712670,0,0,0.000000,0
1778855770439,00003,111.366146,0,6916,0,0,0.000000,0.000000,0,0,0.000000,0
1778855770439,00005,111.366146,0,6916,108,23,1080.000000,96.111094,13,60,48.000000,10
1778855770439,00047,111.366146,0,6916,0,0,0.000000,0.000000,0,0,0.000000,0
1778855770439,00019,111.366146,0,6916,0,0,0.000000,0.000000,0,0,0.000000,0
1778855770439,00024,111.366146,0,6916,0,0,0.000000,0.000000,0,0,0.000000,0
1778855770439,00058,111.366146,0,6916,0,0,0.000000,0.000000,0,0,0.000000,0
1778855770439,00052,111.366146,0,6916,0,0,0.000000,540.712670,0,0,0.000000,0
1778855770439,00013,111.366146,0,6916,85,18,850.000000,347.701736,18,85,0.000000,0
1778855770439,00057,111.366146,0,6916,85,18,850.000000,347.701736,18,85,0.000000,0
1778855770439,00059,111.366146,0,6916,0,0,0.000000,540.712670,0,0,0.000000,0
1778855770439,00049,111.366146,0,6916,123,26,1230.000000,96.288787,18,85,38.000000,8
1778855770439,00002,111.366146,0,6916,0,0,0.000000,0.000000,0,0,0.000000,0
1778855770439,00001,111.366146,0,6916,85,18,850.000000,342.344593,18,85,0.000000,0
1778855770439,00021,111.366146,0,6916,90,19,900.000000,71.268482,12,57,33.000000,7
1778855770439,00050,111.366146,0,6916,0,0,0.000000,0.000000,0,0,0.000000,0
1778855770439,00061,111.366146,0,6916,217,46,2170.000000,136.289449,46,217,0.000000,0
1778855770439,00036,111.366146,0,6916,0,0,0.000000,0.000000,0,0,0.000000,0
1778855770439,00025,111.366146,0,6916,137,29,1370.000000,98.653092,15,71,66.000000,14
1778855770439,00012,111.366146,0,6916,0,0,0.000000,0.000000,0,0,0.000000,0
1778855770539,00015,106.533826,0,18039,174,44,1740.000000,48.971813,18,72,102.000000,26
1778855770539,00008,106.533826,0,18039,0,0,0.000000,0.000000,0,0,0.000000,0
1778855770539,00030,106.533826,0,18039,0,0,0.000000,0.000000,0,0,0.000000,0
1778855770539,00026,106.533826,0,18039,4265,407,42650.000000,537.389276,396,4150,115.000000,11
1778855770539,00031,106.533826,0,18039,0,0,0.000000,0.000000,0,0,0.000000,0
1778855770539,00004,106.533826,0,18039,0,0,0.000000,0.000000,0,0,0.000000,0
1778855770539,00018,106.533826,0,18039,1750,167,17500.000000,29.492281,88,922,828.000000,79
1778855770539,00034,106.533826,0,18039,0,0,0.000000,0.000000,0,0,0.000000,0
1778855770539,00041,106.533826,0,18039,76,16,760.000000,76.874481,5,24,52.000000,11
1778855770539,00063,106.533826,0,18039,173,44,1730.000000,432.032204,44,173,0.000000,0
1778855770539,00009,106.533826,0,18039,71,15,710.000000,116.755809,9,42,29.000000,6
1778855770539,00028,106.533826,0,18039,35,9,350.000000,42.528646,6,20,15.000000,3
1778855770539,00043,106.533826,0,18039,0,0,0.000000,0.000000,0,0,0.000000,0
1778855770539,00040,106.533826,0,18039,35,9,350.000000,23.467092,4,16,19.000000,5
1778855770539,00020,106.533826,0,18039,0,0,0.000000,0.000000,0,0,0.000000,0
1778855770539,00037,106.533826,0,18039,302,64,3020.000000,491.573985,64,302,0.000000,0
1778855770539,00029,106.533826,0,18039,85,18,850.000000,82.556724,10,47,38.000000,8
1778855770539,00038,106.533826,0,18039,0,0,0.000000,0.000000,0,0,0.000000,0
1778855770539,00010,106.533826,0,18039,0,0,0.000000,0.000000,0,0,0.000000,0
1778855770539,00053,106.533826,0,18039,123,26,1230.000000,84.770027,11,52,71.000000,15
1778855770539,00011,106.533826,0,18039,0,0,0.000000,0.000000,0,0,0.000000,0
1778855770539,00016,106.533826,0,18039,0,0,0.000000,0.000000,0,0,0.000000,0
1778855770539,00039,106.533826,0,18039,0,0,0.000000,0.000000,0,0,0.000000,0
1778855770539,00046,106.533826,0,18039,4632,442,46320.000000,668.155526,442,4632,0.000000,0
1778855770539,00032,106.533826,0,18039,0,0,0.000000,0.000000,0,0,0.000000,0
1778855770539,00045,106.533826,0,18039,302,64,3020.000000,494.698985,64,302,0.000000,0
1778855770539,00035,106.533826,0,18039,76,16,760.000000,114.416421,8,38,38.000000,8
1778855770539,00051,106.533826,0,18039,0,0,0.000000,0.000000,0,0,0.000000,0
1778855770539,00054,106.533826,0,18039,0,0,0.000000,0.000000,0,0,0.000000,0
1778855770539,00062,106.533826,0,18039,0,0,0.000000,0.000000,0,0,0.000000,0
1778855770539,00007,106.533826,0,18039,39,9,390.000000,144.030674,7,30,9.000000,2
1778855770539,00056,106.533826,0,18039,0,0,0.000000,0.000000,0,0,0.000000,0
1778855770539,00042,106.533826,0,18039,0,0,0.000000,0.000000,0,0,0.000000,0
1778855770539,00023,106.533826,0,18039,0,0,0.000000,0.000000,0,0,0.000000,0
1778855770539,00027,106.533826,0,18039,0,0,0.000000,0.000000,0,0,0.000000,0
1778855770539,00033,106.533826,0,18039,19,4,190.000000,137.884118,0,0,19.000000,4
1778855770539,00014,106.533826,0,18039,0,0,0.000000,0.000000,0,0,0.000000,0
1778855770539,00055,106.533826,0,18039,12,3,120.000000,33.147423,3,12,0.000000,0
1778855770539,00017,106.533826,0,18039,297,63,2970.000000,445.323985,63,297,0.000000,0
1778855770539,00044,106.533826,0,18039,0,0,0.000000,0.000000,0,0,0.000000,0
1778855770539,00060,106.533826,0,18039,0,0,0.000000,0.000000,0,0,0.000000,0
1778855770539,00022,106.533826,0,18039,0,0,0.000000,0.000000,0,0,0.000000,0
1778855770539,00006,106.533826,0,18039,4087,390,40870.000000,126.337562,190,1991,2096.000000,200
1778855770539,00048,106.533826,0,18039,0,0,0.000000,0.000000,0,0,0.000000,0
1778855770539,00003,106.533826,0,18039,0,0,0.000000,0.000000,0,0,0.000000,0
1778855770539,00005,106.533826,0,18039,57,12,570.000000,167.697442,10,47,10.000000,2
1778855770539,00047,106.533826,0,18039,0,0,0.000000,0.000000,0,0,0.000000,0
1778855770539,00019,106.533826,0,18039,0,0,0.000000,0.000000,0,0,0.000000,0
1778855770539,00024,106.533826,0,18039,0,0,0.000000,0.000000,0,0,0.000000,0
1778855770539,00058,106.533826,0,18039,0,0,0.000000,0.000000,0,0,0.000000,0
1778855770539,00052,106.533826,0,18039,0,0,0.000000,0.000000,0,0,0.000000,0
1778855770539,00013,106.533826,0,18039,297,63,2970.000000,425.323985,63,297,0.000000,0
1778855770539,00057,106.533826,0,18039,297,63,2970.000000,425.323985,63,297,0.000000,0
1778855770539,00059,106.533826,0,18039,0,0,0.000000,0.000000,0,0,0.000000,0
1778855770539,00049,106.533826,0,18039,38,8,380.000000,277.592347,8,38,0.000000,0
1778855770539,00002,106.533826,0,18039,0,0,0.000000,0.000000,0,0,0.000000,0
1778855770539,00001,106.533826,0,18039,297,63,2970.000000,434.386485,63,297,0.000000,0
1778855770539,00021,106.533826,0,18039,113,24,1130.000000,61.852426,13,61,52.000000,11
1778855770539,00050,106.533826,0,18039,0,0,0.000000,0.000000,0,0,0.000000,0
1778855770539,00061,106.533826,0,18039,302,64,3020.000000,666.264320,64,302,0.000000,0
1778855770539,00036,106.533826,0,18039,0,0,0.000000,0.000000,0,0,0.000000,0
1778855770539,00025,106.533826,0,18039,85,18,850.000000,122.782993,10,47,38.000000,8
1778855770539,00012,106.533826,0,18039,0,0,0.000000,0.000000,0,0,0.000000,0
1778855770639,00015,198.556732,0,17453,195,44,1950.000000,68.087159,15,69,126.000000,29
1778855770639,00008,198.556732,0,17453,0,0,0.000000,0.000000,0,0,0.000000,0
1778855770639,00030,198.556732,0,17453,0,0,0.000000,0.000000,0,0,0.000000,0
1778855770639,00026,198.556732,0,17453,1551,148,15510.000000,1569.608361,148,1551,0.000000,0
1778855770639,00031,198.556732,0,17453,0,0,0.000000,0.000000,0,0,0.000000,0
1778855770639,00004,198.556732,0,17453,0,0,0.000000,0.000000,0,0,0.000000,0
1778855770639,00018,198.556732,0,17453,2065,197,20650.000000,140.354870,104,1090,975.000000,93
1778855770639,00034,198.556732,0,17453,0,0,0.000000,0.000000,0,0,0.000000,0
1778855770639,00041,198.556732,0,17453,76,16,760.000000,84.427411,8,38,38.000000,8
1778855770639,00063,198.556732,0,17453,162,42,1620.000000,735.156568,42,162,0.000000,0
1778855770639,00009,198.556732,0,17453,76,16,760.000000,95.449482,11,52,24.000000,5
1778855770639,00028,198.556732,0,17453,35,9,350.000000,20.945209,3,12,23.000000,6
1778855770639,00043,198.556732,0,17453,0,0,0.000000,0.000000,0,0,0.000000,0
1778855770639,00040,198.556732,0,17453,35,9,350.000000,21.292500,4,16,19.000000,5
1778855770639,00020,198.556732,0,17453,35,9,350.000000,22.469583,3,12,23.000000,6
1778855770639,00037,198.556732,0,17453,264,56,2640.000000,985.625460,56,264,0.000000,0
1778855770639,00029,198.556732,0,17453,99,21,990.000000,50.388466,7,33,66.000000,14
1778855770639,00038,198.556732,0,17453,0,0,0.000000,0.000000,0,0,0.000000,0
1778855770639,00010,198.556732,0,17453,0,0,0.000000,0.000000,0,0,0.000000,0
1778855770639,00053,198.556732,0,17453,113,24,1130.000000,140.423729,9,42,71.000000,15
1778855770639,00011,198.556732,0,17453,0,0,0.000000,0.000000,0,0,0.000000,0
1778855770639,00016,198.556732,0,17453,0,0,0.000000,0.000000,0,0,0.000000,0
1778855770639,00039,198.556732,0,17453,0,0,0.000000,0.000000,0,0,0.000000,0
1778855770639,00046,198.556732,0,17453,4087,390,40870.000000,1661.258833,390,4087,0.000000,0
1778855770639,00032,198.556732,0,17453,0,0,0.000000,0.000000,0,0,0.000000,0
1778855770639,00045,198.556732,0,17453,151,32,1510.000000,985.630185,32,151,0.000000,0
1778855770639,00035,198.556732,0,17453,57,12,570.000000,132.562866,6,28,29.000000,6
1778855770639,00051,198.556732,0,17453,0,0,0.000000,0.000000,0,0,0.000000,0
1778855770639,00054,198.556732,0,17453,0,0,0.000000,0.000000,0,0,0.000000,0
1778855770639,00062,198.556732,0,17453,2106,201,21060.000000,115.038740,201,2106,0.000000,0
1778855770639,00007,198.556732,0,17453,51,12,510.000000,17.984496,5,21,30.000000,7
1778855770639,00056,198.556732,0,17453,0,0,0.000000,0.000000,0,0,0.000000,0
1778855770639,00042,198.556732,0,17453,0,0,0.000000,0.000000,0,0,0.000000,0
1778855770639,00023,198.556732,0,17453,0,0,0.000000,0.000000,0,0,0.000000,0
1778855770639,00027,198.556732,0,17453,0,0,0.000000,0.000000,0,0,0.000000,0
1778855770639,00033,198.556732,0,17453,231,49,2310.000000,24.263830,25,118,113.000000,24
1778855770639,00014,198.556732,0,17453,0,0,0.000000,0.000000,0,0,0.000000,0
1778855770639,00055,198.556732,0,17453,196,48,1960.000000,46.655252,27,117,79.000000,21
1778855770639,00017,198.556732,0,17453,302,64,3020.000000,1051.255185,64,302,0.000000,0
1778855770639,00044,198.556732,0,17453,23,6,230.000000,34.064028,6,23,0.000000,0
1778855770639,00060,198.556732,0,17453,0,0,0.000000,0.000000,0,0,0.000000,0
1778855770639,00022,198.556732,0,17453,0,0,0.000000,0.000000,0,0,0.000000,0
1778855770639,00006,198.556732,0,17453,4098,391,40980.000000,291.352484,209,2190,1908.000000,182
1778855770639,00048,198.556732,0,17453,0,0,0.000000,0.000000,0,0,0.000000,0
1778855770639,00003,198.556732,0,17453,0,0,0.000000,0.000000,0,0,0.000000,0
1778855770639,00005,198.556732,0,17453,38,8,380.000000,220.700430,8,38,0.000000,0
1778855770639,00047,198.556732,0,17453,0,0,0.000000,0.000000,0,0,0.000000,0
1778855770639,00019,198.556732,0,17453,0,0,0.000000,0.000000,0,0,0.000000,0
1778855770639,00024,198.556732,0,17453,0,0,0.000000,0.000000,0,0,0.000000,0
1778855770639,00058,198.556732,0,17453,0,0,0.000000,0.000000,0,0,0.000000,0
1778855770639,00052,198.556732,0,17453,0,0,0.000000,0.000000,0,0,0.000000,0
1778855770639,00013,198.556732,0,17453,302,64,3020.000000,788.160740,64,302,0.000000,0
1778855770639,00057,198.556732,0,17453,302,64,3020.000000,788.160740,64,302,0.000000,0
1778855770639,00059,198.556732,0,17453,0,0,0.000000,0.000000,0,0,0.000000,0
1778855770639,00049,198.556732,0,17453,80,17,800.000000,224.806663,17,80,0.000000,0
1778855770639,00002,198.556732,0,17453,0,0,0.000000,0.000000,0,0,0.000000,0
1778855770639,00001,198.556732,0,17453,302,64,3020.000000,779.410740,64,302,0.000000,0
1778855770639,00021,198.556732,0,17453,71,15,710.000000,100.430344,6,28,43.000000,9
1778855770639,00050,198.556732,0,17453,0,0,0.000000,0.000000,0,0,0.000000,0
1778855770639,00061,198.556732,0,17453,274,58,2740.000000,1228.754870,58,274,0.000000,0
1778855770639,00036,198.556732,0,17453,0,0,0.000000,0.000000,0,0,0.000000,0
1778855770639,00025,198.556732,0,17453,76,16,760.000000,84.354912,8,38,38.000000,8
1778855770639,00012,198.556732,0,17453,0,0,0.000000,0.000000,0,0,0.000000,0
1778855770739,00015,346.282284,0,18643,146,31,1460.000000,63.924882,14,66,80.000000,17
1778855770739,00008,346.282284,0,18643,0,0,0.000000,0.000000,0,0,0.000000,0
1778855770739,00030,346.282284,0,18643,0,0,0.000000,0.000000,0,0,0.000000,0
1778855770739,00026,346.282284,0,18643,0,0,0.000000,2487.867971,0,0,0.000000,0
1778855770739,00031,346.282284,0,18643,0,0,0.000000,0.000000,0,0,0.000000,0
1778855770739,00004,346.282284,0,18643,0,0,0.000000,0.000000,0,0,0.000000,0
1778855770739,00018,346.282284,0,18643,0,0,0.000000,1551.402650,0,0,0.000000,0
1778855770739,00034,346.282284,0,18643,996,95,9960.000000,63.292695,95,996,0.000000,0
1778855770739,00041,346.282284,0,18643,66,14,660.000000,67.498506,6,28,38.000000,8
1778855770739,00063,346.282284,0,18643,173,45,1730.000000,978.338593,45,173,0.000000,0
1778855770739,00009,346.282284,0,18643,61,13,610.000000,52.147555,5,24,37.000000,8
1778855770739,00028,346.282284,0,18643,35,9,350.000000,29.873959,7,25,10.000000,2
1778855770739,00043,346.282284,0,18643,0,0,0.000000,0.000000,0,0,0.000000,0
1778855770739,00040,346.282284,0,18643,35,9,350.000000,50.602148,6,26,9.000000,3
1778855770739,00020,346.282284,0,18643,35,9,350.000000,17.695786,3,12,23.000000,6
1778855770739,00037,346.282284,0,18643,80,17,800.000000,1753.754195,17,80,0.000000,0
1778855770739,00029,346.282284,0,18643,76,16,760.000000,34.124690,3,14,62.000000,13
1778855770739,00038,346.282284,0,18643,0,0,0.000000,0.000000,0,0,0.000000,0
1778855770739,00010,346.282284,0,18643,0,0,0.000000,0.000000,0,0,0.000000,0
1778855770739,00053,346.282284,0,18643,52,11,520.000000,97.503170,8,38,14.000000,3
1778855770739,00011,346.282284,0,18643,0,0,0.000000,0.000000,0,0,0.000000,0
1778855770739,00016,346.282284,0,18643,0,0,0.000000,0.000000,0,0,0.000000,0
1778855770739,00039,346.282284,0,18643,0,0,0.000000,0.000000,0,0,0.000000,0
1778855770739,00046,346.282284,0,18643,4098,391,40980.000000,2634.066827,391,4098,0.000000,0
1778855770739,00032,346.282284,0,18643,0,0,0.000000,0.000000,0,0,0.000000,0
1778855770739,00045,346.282284,0,18643,302,64,3020.000000,1749.379870,64,302,0.000000,0
1778855770739,00035,346.282284,0,18643,57,12,570.000000,97.933661,7,33,24.000000,5
1778855770739,00051,346.282284,0,18643,0,0,0.000000,0.000000,0,0,0.000000,0
1778855770739,00054,346.282284,0,18643,0,0,0.000000,0.000000,0,0,0.000000,0
1778855770739,00062,346.282284,0,18643,4087,390,40870.000000,914.425407,390,4087,0.000000,0
1778855770739,00007,346.282284,0,18643,71,15,710.000000,86.944162,8,38,33.000000,7
1778855770739,00056,346.282284,0,18643,0,0,0.000000,0.000000,0,0,0.000000,0
1778855770739,00042,346.282284,0,18643,0,0,0.000000,0.000000,0,0,0.000000,0
1778855770739,00023,346.282284,0,18643,0,0,0.000000,0.000000,0,0,0.000000,0
1778855770739,00027,346.282284,0,18643,0,0,0.000000,0.000000,0,0,0.000000,0
1778855770739,00033,346.282284,0,18643,0,0,0.000000,0.000000,0,0,0.000000,0
1778855770739,00014,346.282284,0,18643,0,0,0.000000,0.000000,0,0,0.000000,0
1778855770739,00055,346.282284,0,18643,146,31,1460.000000,48.803528,14,66,80.000000,17
1778855770739,00017,346.282284,0,18643,302,64,3020.000000,1521.910110,64,302,0.000000,0
1778855770739,00044,346.282284,0,18643,35,9,350.000000,151.397368,9,35,0.000000,0
1778855770739,00060,346.282284,0,18643,0,0,0.000000,0.000000,0,0,0.000000,0
1778855770739,00022,346.282284,0,18643,0,0,0.000000,0.000000,0,0,0.000000,0
1778855770739,00006,346.282284,0,18643,4098,391,40980.000000,323.675303,197,2065,2033.000000,194
1778855770739,00048,346.282284,0,18643,0,0,0.000000,0.000000,0,0,0.000000,0
1778855770739,00003,346.282284,0,18643,0,0,0.000000,0.000000,0,0,0.000000,0
1778855770739,00005,346.282284,0,18643,38,8,380.000000,280.700430,8,38,0.000000,0
1778855770739,00047,346.282284,0,18643,0,0,0.000000,0.000000,0,0,0.000000,0
1778855770739,00019,346.282284,0,18643,0,0,0.000000,0.000000,0,0,0.000000,0
1778855770739,00024,346.282284,0,18643,0,0,0.000000,0.000000,0,0,0.000000,0
1778855770739,00058,346.282284,0,18643,0,0,0.000000,0.000000,0,0,0.000000,0
1778855770739,00052,346.282284,0,18643,0,0,0.000000,0.000000,0,0,0.000000,0
1778855770739,00013,346.282284,0,18643,151,32,1510.000000,1452.504870,32,151,0.000000,0
1778855770739,00057,346.282284,0,18643,151,32,1510.000000,1457.504870,32,151,0.000000,0
1778855770739,00059,346.282284,0,18643,0,0,0.000000,0.000000,0,0,0.000000,0
1778855770739,00049,346.282284,0,18643,76,16,760.000000,280.690350,16,76,0.000000,0
1778855770739,00002,346.282284,0,18643,0,0,0.000000,0.000000,0,0,0.000000,0
1778855770739,00001,346.282284,0,18643,151,32,1510.000000,1452.504870,32,151,0.000000,0
1778855770739,00021,346.282284,0,18643,52,11,520.000000,100.842083,7,33,19.000000,4
1778855770739,00050,346.282284,0,18643,2851,272,28510.000000,38.951171,191,2002,849.000000,81
1778855770739,00061,346.282284,0,18643,156,33,1560.000000,1899.344590,33,156,0.000000,0
1778855770739,00036,346.282284,0,18643,0,0,0.000000,0.000000,0,0,0.000000,0
1778855770739,00025,346.282284,0,18643,66,14,660.000000,76.177624,12,57,9.000000,2
1778855770739,00012,346.282284,0,18643,0,0,0.000000,0.000000,0,0,0.000000,0
1778855770839,00015,501.831248,0,22339,90,19,900.000000,56.687446,7,33,57.000000,12
1778855770839,00008,501.831248,0,22339,0,0,0.000000,0.000000,0,0,0.000000,0
1778855770839,00030,501.831248,0,22339,0,0,0.000000,0.000000,0,0,0.000000,0
1778855770839,00026,501.831248,0,22339,0,0,0.000000,3375.324725,0,0,0.000000,0
1778855770839,00031,501.831248,0,22339,0,0,0.000000,0.000000,0,0,0.000000,0
1778855770839,00004,501.831248,0,22339,0,0,0.000000,0.000000,0,0,0.000000,0
1778855770839,00018,501.831248,0,22339,3280,313,32800.000000,1799.086991,156,1635,1645.000000,157
1778855770839,00034,501.831248,0,22339,0,0,0.000000,715.250590,0,0,0.000000,0
1778855770839,00041,501.831248,0,22339,42,9,420.000000,184.419689,7,33,9.000000,2
1778855770839,00063,501.831248,0,22339,173,45,1730.000000,1276.291604,45,173,0.000000,0
1778855770839,00009,501.831248,0,22339,71,15,710.000000,62.112427,8,38,33.000000,7
1778855770839,00028,501.831248,0,22339,35,9,350.000000,90.127328,4,14,21.000000,5
1778855770839,00043,501.831248,0,22339,0,0,0.000000,0.000000,0,0,0.000000,0
1778855770839,00040,501.831248,0,22339,35,9,350.000000,57.649833,8,30,5.000000,1
1778855770839,00020,501.831248,0,22339,35,9,350.000000,21.632302,3,12,23.000000,6
1778855770839,00037,501.831248,0,22339,156,33,1560.000000,2235.660110,33,156,0.000000,0
1778855770839,00029,501.831248,0,22339,57,12,570.000000,64.961408,5,24,33.000000,7
1778855770839,00038,501.831248,0,22339,0,0,0.000000,0.000000,0,0,0.000000,0
1778855770839,00010,501.831248,0,22339,0,0,0.000000,0.000000,0,0,0.000000,0
1778855770839,00053,501.831248,0,22339,28,6,280.000000,205.779242,4,19,9.000000,2
1778855770839,00011,501.831248,0,22339,0,0,0.000000,0.000000,0,0,0.000000,0
1778855770839,00016,501.831248,0,22339,23,6,230.000000,23.130845,3,9,14.000000,3
1778855770839,00039,501.831248,0,22339,0,0,0.000000,0.000000,0,0,0.000000,0
1778855770839,00046,501.831248,0,22339,4098,391,40980.000000,3486.600356,391,4098,0.000000,0
1778855770839,00032,501.831248,0,22339,35,9,350.000000,47.794910,9,35,0.000000,0
1778855770839,00045,501.831248,0,22339,302,64,3020.000000,2224.410110,64,302,0.000000,0
1778855770839,00035,501.831248,0,22339,61,13,610.000000,103.629151,7,33,28.000000,6
1778855770839,00051,501.831248,0,22339,0,0,0.000000,0.000000,0,0,0.000000,0
1778855770839,00054,501.831248,0,22339,0,0,0.000000,0.000000,0,0,0.000000,0
1778855770839,00062,501.831248,0,22339,4098,391,40980.000000,1807.264195,391,4098,0.000000,0
1778855770839,00007,501.831248,0,22339,24,5,240.000000,60.090146,2,9,15.000000,3
1778855770839,00056,501.831248,0,22339,0,0,0.000000,0.000000,0,0,0.000000,0
1778855770839,00042,501.831248,0,22339,0,0,0.000000,0.000000,0,0,0.000000,0
1778855770839,00023,501.831248,0,22339,46,12,460.000000,19.366741,5,16,30.000000,7
1778855770839,00027,501.831248,0,22339,0,0,0.000000,0.000000,0,0,0.000000,0
1778855770839,00033,501.831248,0,22339,0,0,0.000000,0.000000,0,0,0.000000,0
1778855770839,00014,501.831248,0,22339,0,0,0.000000,0.000000,0,0,0.000000,0
1778855770839,00055,501.831248,0,22339,90,19,900.000000,81.447525,8,38,52.000000,11
1778855770839,00017,501.831248,0,22339,151,32,1510.000000,2204.379870,32,151,0.000000,0
1778855770839,00044,501.831248,0,22339,35,9,350.000000,428.730708,9,35,0.000000,0
1778855770839,00060,501.831248,0,22339,23,6,230.000000,24.089330,3,12,11.000000,3
1778855770839,00022,501.831248,0,22339,0,0,0.000000,0.000000,0,0,0.000000,0
1778855770839,00006,501.831248,0,22339,4087,390,40870.000000,498.642236,186,1949,2138.000000,204
1778855770839,00048,501.831248,0,22339,0,0,0.000000,0.000000,0,0,0.000000,0
1778855770839,00003,501.831248,0,22339,0,0,0.000000,0.000000,0,0,0.000000,0
1778855770839,00005,501.831248,0,22339,19,4,190.000000,330.700430,4,19,0.000000,0
1778855770839,00047,501.831248,0,22339,0,0,0.000000,0.000000,0,0,0.000000,0
1778855770839,00019,501.831248,0,22339,0,0,0.000000,0.000000,0,0,0.000000,0
1778855770839,00024,501.831248,0,22339,0,0,0.000000,0.000000,0,0,0.000000,0
1778855770839,00058,501.831248,0,22339,0,0,0.000000,0.000000,0,0,0.000000,0
1778855770839,00052,501.831248,0,22339,0,0,0.000000,0.000000,0,0,0.000000,0
1778855770839,00013,501.831248,0,22339,302,64,3020.000000,2140.599630,64,302,0.000000,0
1778855770839,00057,501.831248,0,22339,302,64,3020.000000,2140.599630,64,302,0.000000,0
1778855770839,00059,501.831248,0,22339,0,0,0.000000,0.000000,0,0,0.000000,0
1778855770839,00049,501.831248,0,22339,38,8,380.000000,305.690350,8,38,0.000000,0
1778855770839,00002,501.831248,0,22339,0,0,0.000000,0.000000,0,0,0.000000,0
1778855770839,00001,501.831248,0,22339,302,64,3020.000000,2130.599630,64,302,0.000000,0
1778855770839,00021,501.831248,0,22339,76,16,760.000000,46.016137,7,33,43.000000,9
1778855770839,00050,501.831248,0,22339,4098,391,40980.000000,913.576300,391,4098,0.000000,0
1778855770839,00061,501.831248,0,22339,80,17,800.000000,2365.004870,17,80,0.000000,0
1778855770839,00036,501.831248,0,22339,0,0,0.000000,0.000000,0,0,0.000000,0
1778855770839,00025,501.831248,0,22339,47,10,470.000000,88.021821,7,33,14.000000,3
1778855770839,00012,501.831248,0,22339,0,0,0.000000,0.000000,0,0,0.000000,0
