% start	end	CellId	IMSI	RNTI	LCID	nTxPDUs	TxBytes	nRxPDUs	RxBytes	delay	stdDev	min	max	PduSize	stdDev	min	max
0.2	0.3	1	1	63	3	14	5880	1	58	0.0429999	0	0.0429999	0.0429999	58	0	58	58	
0.2	0.3	1	3	51	3	2	112	2	112	0.013857	0.0185868	0.000714108	0.0269998	56	2.82843	54	58	
0.2	0.3	1	4	6	3	2	112	2	112	0.0250355	0.029749	0.00399976	0.0460713	56	2.82843	54	58	
0.2	0.3	1	5	52	3	17	7650	16	7060	0.0110296	0.00874177	0.000712802	0.0279997	441.25	207.626	54	590	
0.2	0.3	1	7	33	3	18	7912	15	6142	0.00425036	0.00796742	0.000712835	0.0234688	409.467	210.332	54	590	
0.2	0.3	1	8	2	3	5	1554	5	1554	0.00199899	0.00164106	0.00071403	0.00379541	310.8	268.394	54	590	
0.2	0.3	1	9	11	3	26	12632	26	12632	0.00875967	0.0103562	0.000664873	0.0298101	485.846	181.79	54	590	
0.2	0.3	1	11	23	3	2	112	2	112	0.00685674	0.00868699	0.000714108	0.0129994	56	2.82843	54	58	
0.2	0.3	1	12	69	3	2	112	2	112	0.0252317	0.0336125	0.00146411	0.0489993	56	2.82843	54	58	
0.2	0.3	1	13	58	3	14	5880	1	58	0.0389992	0	0.0389992	0.0389992	58	0	58	58	
0.2	0.3	1	15	1	3	2	112	2	112	0.00198162	0.00147532	0.000938413	0.00302483	56	2.82843	54	58	
0.2	0.3	1	16	24	3	2	112	2	112	0.0165387	0.00359164	0.0139991	0.0190784	56	2.82843	54	58	
0.2	0.3	1	17	45	3	14	5880	1	58	0.023999	0	0.023999	0.023999	58	0	58	58	
0.2	0.3	1	19	54	3	2	112	2	112	0.0245387	0.0162072	0.0130784	0.0359989	56	2.82843	54	58	
0.2	0.3	1	20	15	3	2	112	2	112	0.0150386	0.00712734	0.00999882	0.0200784	56	2.82843	54	58	
0.2	0.3	1	21	64	3	14	5880	14	5880	0.00849927	0.0113177	0.00071873	0.0439987	420	214.127	54	590	
0.2	0.3	1	23	40	3	2	112	2	112	0.0190385	0.00135783	0.0180784	0.0199987	56	2.82843	54	58	
0.2	0.3	1	24	55	3	2	112	2	112	0.00597242	0.00706943	0.000973581	0.0109713	56	2.82843	54	58	
0.2	0.3	1	25	68	3	14	5880	14	5880	0.00934467	0.0119495	0.000665088	0.0479985	420	214.127	54	590	
0.2	0.3	1	27	41	3	2	112	2	112	0.0195384	0.00206477	0.0180784	0.0209984	56	2.82843	54	58	
0.2	0.3	1	28	12	3	2	112	2	112	0.00423123	0.0039133	0.00146411	0.00699836	56	2.82843	54	58	
0.2	0.3	1	29	19	3	29	14402	28	13812	0.00293738	0.00428889	0.000676875	0.0181671	493.286	177.048	54	590	
0.2	0.3	1	31	5	3	2	112	2	112	0.00248997	0.00224606	0.000901763	0.00407817	56	2.82843	54	58	
0.2	0.3	1	32	27	3	2	112	1	58	0.0159981	0	0.0159981	0.0159981	58	0	58	58	
0.2	0.3	1	33	42	3	14	5880	1	58	0.021998	0	0.021998	0.021998	58	0	58	58	
0.2	0.3	1	35	29	3	21	9354	20	8764	0.00616733	0.00958397	0.000656744	0.0329446	438.2	199.336	54	590	
0.2	0.3	1	36	67	3	3	170	2	112	0.024231	0.0321972	0.00146411	0.0469979	56	2.82843	54	58	
0.2	0.3	1	37	16	3	14	5880	14	5880	0.0396824	0.00828133	0.0109978	0.0430713	420	214.127	54	590	
0.2	0.3	1	39	25	3	2	112	1	58	0.0149977	0	0.0149977	0.0149977	58	0	58	58	
0.2	0.3	1	40	14	3	2	112	2	112	0.00485588	0.00585735	0.000714108	0.00899765	56	2.82843	54	58	
0.2	0.3	1	41	9	3	22	10480	18	8120	0.0122428	0.0184549	0.000665088	0.0415539	451.111	198.203	54	590	
0.2	0.3	1	43	13	3	2	112	2	112	0.0265344	0.0262151	0.0079975	0.0450713	56	2.82843	54	58	
0.2	0.3	1	44	46	3	2	112	1	58	0.0249974	0	0.0249974	0.0249974	58	0	58	58	
0.2	0.3	1	45	28	3	14	5880	1	58	0.0169973	0	0.0169973	0.0169973	58	0	58	58	
0.2	0.3	1	47	53	3	1	58	1	58	0.0349973	0	0.0349973	0.0349973	58	0	58	58	
0.2	0.3	1	48	50	3	2	112	1	58	0.0259972	0	0.0259972	0.0259972	58	0	58	58	
0.2	0.3	1	49	61	3	28	13812	28	13812	0.00609564	0.00679729	0.000695236	0.0234703	493.286	177.048	54	590	
0.2	0.3	1	51	30	3	2	112	1	58	0.017997	0	0.017997	0.017997	58	0	58	58	
0.2	0.3	1	52	57	3	2	112	1	58	0.037997	0	0.037997	0.037997	58	0	58	58	
0.2	0.3	1	53	22	3	14	5880	14	5880	0.0397538	0.00801516	0.0119969	0.0430713	420	214.127	54	590	
0.2	0.3	1	55	44	3	2	112	2	112	0.0118644	0.0157436	0.000731965	0.0229968	56	2.82843	54	58	
0.2	0.3	1	56	34	3	2	112	2	112	0.0102304	0.0123974	0.00146411	0.0189967	56	2.82843	54	58	
0.2	0.3	1	57	59	3	14	5880	1	58	0.0399966	0	0.0399966	0.0399966	58	0	58	58	
0.2	0.3	1	59	60	3	2	112	1	58	0.0409966	0	0.0409966	0.0409966	58	0	58	58	
0.2	0.3	1	60	47	3	2	112	2	112	0.00448026	0.00501267	0.000935761	0.00802475	56	2.82843	54	58	
0.2	0.3	1	61	66	3	14	5880	14	5880	0.00975779	0.0111727	0.000664873	0.0449964	420	214.127	54	590	
0.2	0.3	1	63	10	3	14	5880	14	5880	0.0203891	0.0111092	0.00499633	0.0460713	420	214.127	54	590	
0.3	0.4	1	1	63	3	18	10620	28	14672	0.0342345	0.0176907	0.0180637	0.0540713	524	148.532	54	590	
0.3	0.4	1	5	52	3	23	13450	24	14040	0.00961111	0.0110429	0.000712077	0.0273279	585	24.4949	470	590	
0.3	0.4	1	6	49	3	174	227940	97	127070	0.00278886	0.00610668	0.000668256	0.0258008	1310	0	1310	1310	
0.3	0.4	1	7	33	3	22	12652	25	14422	0.0117229	0.0116455	0.000730446	0.0319888	576.88	65.6	262	590	
0.3	0.4	1	9	11	3	25	14750	18	10620	0.00391827	0.00568099	0.000748791	0.0221135	590	0	590	590	
0.3	0.4	1	13	58	3	18	10620	28	14672	0.0347702	0.017183	0.0190637	0.0540713	524	148.532	54	590	
0.3	0.4	1	15	1	3	15	7210	12	5768	0.00215238	0.00133539	0.000861455	0.00374961	480.667	161.496	262	590	
0.3	0.4	1	17	45	3	18	10620	28	14672	0.0375559	0.0202294	0.0190637	0.0600713	524	148.532	54	590	
0.3	0.4	1	21	64	3	19	11210	19	11210	0.00712685	0.00493078	0.000767168	0.0135065	590	0	590	590	
0.3	0.4	1	25	68	3	29	17110	28	16520	0.0101909	0.0111037	0.000748287	0.0283636	590	0	590	590	
0.3	0.4	1	26	4	3	101	132310	64	83840	0.0035076	0.00594712	0.000677247	0.0217179	1310	0	1310	1310	
0.3	0.4	1	29	19	3	20	11800	21	12390	0.00720235	0.00698447	0.000765656	0.0178636	590	0	590	590	
0.3	0.4	1	33	42	3	52	28504	53	27246	0.0371351	0.0306758	0.000749311	0.0850713	514.075	154.256	54	590	
0.3	0.4	1	35	29	3	27	15930	25	14750	0.00607195	0.008647	0.000730765	0.0293635	590	0	590	590	
0.3	0.4	1	37	16	3	49	28910	15	8850	0.0150673	2.25396e-06	0.0150637	0.0150708	590	0	590	590	
0.3	0.4	1	40	14	3	9	4326	9	4326	0.00212766	0.00134265	0.00066979	0.00388366	480.667	164	262	590	
0.3	0.4	1	41	9	3	25	14750	27	15930	0.00791278	0.00978086	0.000695139	0.0291136	590	0	590	590	
0.3	0.4	1	45	28	3	49	28910	28	14672	0.0255202	0.0136294	0.0130637	0.0410713	524	148.532	54	590	
0.3	0.4	1	46	26	3	111	145410	35	45850	0.00651224	0.00715941	0.000735301	0.0196761	1310	0	1310	1310	
0.3	0.4	1	49	61	3	26	15340	18	10620	0.00962888	0.0093044	0.000713589	0.0228453	590	0	590	590	
0.3	0.4	1	53	22	3	61	33814	51	28778	0.0105147	0.0166364	0.000659018	0.0498904	564.275	89.06	262	590	
0.3	0.4	1	57	59	3	18	10620	28	14672	0.0347702	0.017183	0.0190637	0.0540713	524	148.532	54	590	
0.3	0.4	1	61	66	3	46	27140	31	18290	0.0136289	0.0129671	0.0051081	0.0511076	590	0	590	590	
0.3	0.4	1	63	10	3	42	22748	16	9080	0.0167822	0.00114048	0.0125054	0.0170708	567.5	90	230	590	
0.4	0.5	1	1	63	3	63	37170	32	18880	0.0434386	0.0255255	0.0130648	0.0650632	590	0	590	590	
0.4	0.5	1	5	52	3	12	7080	12	7080	0.0167697	0.0198861	0.000836574	0.0483101	590	0	590	590	
0.4	0.5	1	6	49	3	388	508280	184	241040	0.0126338	0.0281724	0.000658256	0.107697	1310	0	1310	1310	
0.4	0.5	1	7	33	3	9	4918	9	4918	0.0144031	0.0106643	0.00156871	0.0252922	546.444	130.667	198	590	
0.4	0.5	1	9	11	3	15	8850	20	11800	0.0116756	0.0117535	0.00151514	0.0288636	590	0	590	590	
0.4	0.5	1	13	58	3	63	37170	32	18880	0.0425324	0.025609	0.0120648	0.0650632	590	0	590	590	
0.4	0.5	1	15	1	3	44	21784	40	19424	0.00489718	0.00749078	0.00065455	0.0239629	485.6	152.973	262	590	
0.4	0.5	1	17	45	3	63	37170	32	18880	0.0445324	0.0247886	0.0150648	0.0680632	590	0	590	590	
0.4	0.5	1	18	7	3	165	216150	90	117900	0.00294923	0.00582844	0.000688498	0.024363	1310	0	1310	1310	
0.4	0.5	1	21	64	3	24	14160	21	12390	0.00618524	0.00811998	0.000713589	0.0260769	590	0	590	590	
0.4	0.5	1	25	68	3	18	10620	18	10620	0.0122783	0.0115798	0.000784017	0.0253631	590	0	590	590	
0.4	0.5	1	26	4	3	405	530550	37	48470	0.0537389	0.0369597	0.00075939	0.104334	1310	0	1310	1310	
0.4	0.5	1	28	12	3	9	4326	9	4326	0.00425286	0.00393066	0.000839755	0.0142243	480.667	164	262	590	
0.4	0.5	1	29	19	3	18	10620	17	10030	0.00825567	0.0091658	0.000748303	0.0231131	590	0	590	590	
0.4	0.5	1	33	42	3	4	2360	16	9440	0.0137884	0.0123693	0.000748098	0.0288636	590	0	590	590	
0.4	0.5	1	35	29	3	16	9440	16	9440	0.0114416	0.0117946	0.000694732	0.0262916	590	0	590	590	
0.4	0.5	1	37	16	3	64	37760	32	18880	0.0491574	0.0227949	0.0220648	0.0710632	590	0	590	590	
0.4	0.5	1	40	14	3	9	4326	9	4326	0.00234671	0.00112142	0.00119836	0.00361699	480.667	164	262	590	
0.4	0.5	1	41	9	3	16	9440	18	10620	0.00768745	0.00920247	0.000748807	0.0256136	590	0	590	590	
0.4	0.5	1	45	28	3	64	37760	32	18880	0.0494699	0.0230307	0.0220648	0.0690632	590	0	590	590	
0.4	0.5	1	46	26	3	440	576400	28	36680	0.0668156	0.0231708	0.0346921	0.0979881	1310	0	1310	1310	
0.4	0.5	1	49	61	3	8	4720	16	9440	0.0277592	0.0163079	0.0160673	0.0510779	590	0	590	590	
0.4	0.5	1	53	22	3	26	15340	28	16520	0.008477	0.00989464	0.000730942	0.0293458	590	0	590	590	
0.4	0.5	1	55	44	3	3	1442	3	1442	0.00331474	3.80591e-07	0.00331441	0.00331516	480.667	189.371	262	590	
0.4	0.5	1	57	59	3	63	37170	32	18880	0.0425324	0.025609	0.0120648	0.0650632	590	0	590	590	
0.4	0.5	1	61	66	3	64	37760	32	18880	0.0666264	0.00872811	0.0200708	0.0700703	590	0	590	590	
0.4	0.5	1	63	10	3	44	21576	55	28034	0.0432032	0.0172501	0.0200645	0.0665049	509.709	141.45	230	590	
0.5	0.6	1	1	63	3	64	37760	16	9440	0.0779411	0.0160496	0.0720642	0.119056	590	0	590	590	
0.5	0.6	1	5	52	3	8	4720	4	2360	0.02207	6.50661e-07	0.0220693	0.0220708	590	0	590	590	
0.5	0.6	1	6	49	3	389	509590	228	298680	0.0291352	0.045363	0.000656256	0.188481	1310	0	1310	1310	
0.5	0.6	1	7	33	3	12	6424	9	4654	0.00191513	0.00149956	0.000753484	0.00392735	517.111	144.634	262	590	
0.5	0.6	1	9	11	3	16	9440	18	10620	0.00954495	0.00925626	0.000748799	0.0333636	590	0	590	590	
0.5	0.6	1	13	58	3	64	37760	16	9440	0.0788161	0.015708	0.0730642	0.119056	590	0	590	590	
0.5	0.6	1	15	1	3	44	24376	43	23458	0.00680872	0.0104318	0.000715734	0.0301139	545.535	114.812	142	590	
0.5	0.6	1	17	45	3	64	37760	32	18880	0.105126	0.0325646	0.0690642	0.135064	590	0	590	590	
0.5	0.6	1	18	7	3	197	258070	117	153270	0.0140355	0.0295302	0.000656498	0.104123	1310	0	1310	1310	
0.5	0.6	1	20	15	3	9	4326	9	4326	0.00224696	0.00110006	0.00118902	0.00373976	480.667	164	262	590	
0.5	0.6	1	21	64	3	15	8850	17	10030	0.010043	0.0120955	0.000748295	0.0298636	590	0	590	590	
0.5	0.6	1	25	68	3	15	8850	15	8850	0.00843549	0.0122667	0.000712573	0.0363631	590	0	590	590	
0.5	0.6	1	26	4	3	148	193880	22	28820	0.156961	0.024376	0.127214	0.187374	1310	0	1310	1310	
0.5	0.6	1	28	12	3	9	4326	9	4326	0.00209452	0.00100465	0.00106404	0.00343692	480.667	164	262	590	
0.5	0.6	1	29	19	3	21	12390	21	12390	0.00503885	0.0081703	0.000713085	0.0288458	590	0	590	590	
0.5	0.6	1	33	42	3	49	28910	49	28910	0.00242638	0.00110335	0.000783927	0.00545299	590	0	590	590	
0.5	0.6	1	35	29	3	12	7080	14	8260	0.0132563	0.0152825	0.000730934	0.0381136	590	0	590	590	
0.5	0.6	1	37	16	3	56	33040	32	18880	0.0985625	0.0318623	0.0630642	0.127064	590	0	590	590	
0.5	0.6	1	40	14	3	9	4326	9	4326	0.00212925	0.00156465	0.000754531	0.00421699	480.667	164	262	590	
0.5	0.6	1	41	9	3	16	9440	15	8850	0.00844274	0.0119361	0.000747799	0.0315774	590	0	590	590	
0.5	0.6	1	44	46	3	6	2884	6	2884	0.0034064	7.30303e-05	0.00333941	0.00347349	480.667	169.378	262	590	
0.5	0.6	1	45	28	3	32	18880	32	18880	0.098563	0.0318627	0.0630642	0.127064	590	0	590	590	
0.5	0.6	1	46	26	3	389	509590	22	28820	0.166126	0.0351149	0.123636	0.206652	1310	0	1310	1310	
0.5	0.6	1	49	61	3	17	10030	17	10030	0.0224807	0.00720281	0.0150673	0.0290708	590	0	590	590	
0.5	0.6	1	53	22	3	24	14160	22	12980	0.0140424	0.0139335	0.000784513	0.0378101	590	0	590	590	
0.5	0.6	1	55	44	3	48	24472	40	19752	0.00466553	0.00667303	0.000713589	0.030528	493.8	149.43	262	590	
0.5	0.6	1	57	59	3	64	37760	16	9440	0.0788161	0.015708	0.0730642	0.119056	590	0	590	590	
0.5	0.6	1	61	66	3	58	34220	32	18880	0.122875	0.0113009	0.0660708	0.12907	590	0	590	590	
0.5	0.6	1	62	32	3	199	260690	25	32750	0.0115039	0.0126477	0.00317587	0.0321279	1310	0	1310	1310	
0.5	0.6	1	63	10	3	42	20188	20	9832	0.0735157	0.0135224	0.0520116	0.0929721	491.6	154.213	262	590	
0.6	0.7	1	1	63	3	32	18880	32	18880	0.14525	0.0146973	0.137056	0.198056	590	0	590	590	
0.6	0.7	1	5	52	3	8	4720	8	4720	0.02807	0.00213809	0.0260693	0.0300708	590	0	590	590	
0.6	0.7	1	6	49	3	389	509590	239	313090	0.0324967	0.0835395	0.000654256	0.296329	1310	0	1310	1310	
0.6	0.7	1	7	33	3	15	8850	17	10030	0.00869442	0.0102569	0.000766656	0.0311136	590	0	590	590	
0.6	0.7	1	9	11	3	13	7670	13	7670	0.00521476	0.00688071	0.000748807	0.0221131	590	0	590	590	
0.6	0.7	1	13	58	3	32	18880	32	18880	0.14525	0.0146973	0.137056	0.198056	590	0	590	590	
0.6	0.7	1	15	1	3	31	18290	39	23010	0.00639249	0.00595295	0.000766664	0.0191126	590	0	590	590	
0.6	0.7	1	17	45	3	64	37760	16	9440	0.152191	0.0167326	0.146064	0.195056	590	0	590	590	
0.6	0.7	1	20	15	3	9	4326	9	4326	0.00176958	0.00123008	0.000778777	0.0034736	480.667	164	262	590	
0.6	0.7	1	21	64	3	11	6490	12	7080	0.0100842	0.0103899	0.000749311	0.0353453	590	0	590	590	
0.6	0.7	1	25	68	3	14	8260	12	7080	0.00761776	0.00395502	0.00076616	0.0158636	590	0	590	590	
0.6	0.7	1	28	12	3	9	4326	9	4326	0.0029874	0.00111326	0.00110285	0.00390409	480.667	164	262	590	
0.6	0.7	1	29	19	3	16	9440	17	10030	0.00341247	0.00532673	0.000748807	0.0178636	590	0	590	590	
0.6	0.7	1	34	8	3	95	124450	19	24890	0.00632927	0.00377151	0.00313306	0.0118771	1310	0	1310	1310	
0.6	0.7	1	35	29	3	12	7080	12	7080	0.00979337	0.0104965	0.00069574	0.0333626	590	0	590	590	
0.6	0.7	1	37	16	3	17	10030	32	18880	0.175375	0.0319976	0.140064	0.205064	590	0	590	590	
0.6	0.7	1	40	14	3	9	4326	9	4326	0.00506021	0.00604944	0.000845511	0.0208353	480.667	164	262	590	
0.6	0.7	1	41	9	3	14	8260	13	7670	0.00674985	0.00881711	0.000730934	0.0334162	590	0	590	590	
0.6	0.7	1	44	46	3	9	4326	6	2884	0.0151397	0.0130723	0.00320607	0.0270735	480.667	169.378	262	590	
0.6	0.7	1	45	28	3	64	37760	32	18880	0.174938	0.032496	0.139064	0.205064	590	0	590	590	
0.6	0.7	1	46	26	3	389	509590	21	27510	0.263407	0.0246286	0.232276	0.294204	1310	0	1310	1310	
0.6	0.7	1	49	61	3	16	9440	8	4720	0.028069	1.23454e-06	0.0280673	0.0280708	590	0	590	590	
0.6	0.7	1	50	65	3	270	353700	97	127070	0.00389512	0.00874553	0.000660712	0.0360052	1310	0	1310	1310	
0.6	0.7	1	53	22	3	11	6490	14	8260	0.00975032	0.00916916	0.000730875	0.0245156	590	0	590	590	
0.6	0.7	1	55	44	3	31	18290	39	23010	0.00488035	0.00594748	0.000675347	0.0336131	590	0	590	590	
0.6	0.7	1	57	59	3	32	18880	32	18880	0.14575	0.0144157	0.138056	0.198056	590	0	590	590	
0.6	0.7	1	61	66	3	33	19470	16	9440	0.189934	0.012497	0.143071	0.193062	590	0	590	590	
0.6	0.7	1	62	32	3	388	508280	21	27510	0.0914425	0.0256986	0.0597999	0.122752	1310	0	1310	1310	
0.6	0.7	1	63	10	3	45	21630	39	18746	0.0978339	0.0166338	0.0690513	0.127225	480.667	156.642	262	590	
0.7	0.8	1	1	63	3	64	37760	16	9440	0.21306	2.39952e-06	0.213056	0.213064	590	0	590	590	
0.7	0.8	1	5	52	3	4	2360	4	2360	0.03307	6.50661e-07	0.0330693	0.0330708	590	0	590	590	
0.7	0.8	1	6	49	3	388	508280	204	267240	0.0498642	0.103047	0.000680256	0.383297	1310	0	1310	1310	
0.7	0.8	1	7	33	3	5	2950	5	2950	0.00600901	0.00687752	0.0022493	0.0181136	590	0	590	590	
0.7	0.8	1	9	11	3	15	8850	15	8850	0.00621124	0.00747673	0.000748799	0.0216136	590	0	590	590	
0.7	0.8	1	13	58	3	64	37760	16	9440	0.21406	2.39952e-06	0.214056	0.214064	590	0	590	590	
0.7	0.8	1	15	1	3	19	11210	19	11210	0.00566874	0.00728732	0.000766656	0.0226136	590	0	590	590	
0.7	0.8	1	16	24	3	6	2884	6	2884	0.00231308	0.00131997	0.000888567	0.00360028	480.667	169.378	262	590	
0.7	0.8	1	17	45	3	32	18880	32	18880	0.220438	0.0166047	0.210056	0.278056	590	0	590	590	
0.7	0.8	1	18	7	3	311	407410	30	39300	0.179909	0.102444	0.00135731	0.275155	1310	0	1310	1310	
0.7	0.8	1	20	15	3	9	4326	9	4326	0.00216323	0.00121025	0.000799016	0.00380693	480.667	164	262	590	
0.7	0.8	1	21	64	3	16	9440	15	8850	0.00460161	0.00474253	0.000748807	0.0130422	590	0	590	590	
0.7	0.8	1	23	40	3	12	5768	11	5506	0.00193667	0.00115876	0.000803766	0.00354382	500.545	153.209	262	590	
0.7	0.8	1	25	68	3	10	5900	13	7670	0.00880218	0.00542128	0.000730437	0.0163443	590	0	590	590	
0.7	0.8	1	28	12	3	9	4326	5	2294	0.00901273	0.0122448	0.00337002	0.0309159	458.8	179.653	262	590	
0.7	0.8	1	29	19	3	12	7080	12	7080	0.00649614	0.00804478	0.000713085	0.0241131	590	0	590	590	
0.7	0.8	1	32	27	3	9	4326	9	4326	0.00477949	0.00240069	0.0031125	0.00797991	480.667	164	262	590	
0.7	0.8	1	35	29	3	13	7670	13	7670	0.0103629	0.0119811	0.000713589	0.0325779	590	0	590	590	
0.7	0.8	1	37	16	3	33	19470	16	9440	0.223566	0.0177572	0.217064	0.269056	590	0	590	590	
0.7	0.8	1	40	14	3	9	4326	9	4326	0.00576498	0.00598338	0.00341625	0.0216855	480.667	164	262	590	
0.7	0.8	1	41	9	3	9	5310	11	6490	0.018442	0.0127879	0.000838094	0.0358458	590	0	590	590	
0.7	0.8	1	44	46	3	9	4326	6	2884	0.0428731	0.0186956	0.0258061	0.0599402	480.667	169.378	262	590	
0.7	0.8	1	45	28	3	64	37760	16	9440	0.222441	0.0174157	0.216064	0.267056	590	0	590	590	
0.7	0.8	1	46	26	3	389	509590	22	28820	0.34866	0.02588	0.31806	0.388108	1310	0	1310	1310	
0.7	0.8	1	49	61	3	8	4720	16	9440	0.030569	0.000516399	0.0300673	0.0310708	590	0	590	590	
0.7	0.8	1	50	65	3	389	509590	21	27510	0.0913576	0.0248466	0.0603732	0.121789	1310	0	1310	1310	
0.7	0.8	1	53	22	3	6	3540	6	3540	0.0205779	0.0165268	0.000748807	0.0506942	590	0	590	590	
0.7	0.8	1	55	44	3	19	11210	19	11210	0.00814475	0.00980447	0.00065901	0.0303279	590	0	590	590	
0.7	0.8	1	57	59	3	64	37760	16	9440	0.21406	2.39952e-06	0.214056	0.214064	590	0	590	590	
0.7	0.8	1	60	47	3	6	2884	6	2884	0.00240893	0.00166354	0.000752053	0.00396422	480.667	169.378	262	590	
0.7	0.8	1	61	66	3	17	10030	32	18880	0.2365	0.0330989	0.205063	0.271062	590	0	590	590	
0.7	0.8	1	62	32	3	389	509590	22	28820	0.180726	0.02713	0.149168	0.21512	1310	0	1310	1310	
0.7	0.8	1	63	10	3	45	21630	19	8914	0.127629	0.012883	0.109305	0.150265	469.158	162.555	262	590	
