timestamp,ueImsiComplete,plmId,nrCellId,dlAvailablePrbs,ulAvailablePrbs,qci,dlPrbUsage,ulPrbUsage,TB.TotNbrDl.1,TB.TotNbrDlInitial,TB.TotNbrDlInitial.Qpsk,TB.TotNbrDlInitial.16Qam,TB.TotNbrDlInitial.64Qam,RRU.PrbUsedDl,TB.ErrTotalNbrDl.1,QosFlow.PdcpPduVolumeDL_Filter,CARR.PDSCHMCSDist.Bin1,CARR.PDSCHMCSDist.Bin2,CARR.PDSCHMCSDist.Bin3,CARR.PDSCHMCSDist.Bin4,CARR.PDSCHMCSDist.Bin5,CARR.PDSCHMCSDist.Bin6,L1M.RS-SINR.Bin34,L1M.RS-SINR.Bin46,L1M.RS-SINR.Bin58,L1M.RS-SINR.Bin70,L1M.RS-SINR.Bin82,L1M.RS-SINR.Bin94,L1M.RS-SINR.Bin127,DRB.BufferSize.Qos,DRB.MeanActiveUeDl,TB.TotNbrDl.1.UEID,TB.TotNbrDlInitial.UEID,TB.TotNbrDlInitial.Qpsk.UEID,TB.TotNbrDlInitial.16Qam.UEID,TB.TotNbrDlInitial.64Qam.UEID,TB.ErrTotalNbrDl.1.UEID,QosFlow.PdcpPduVolumeDL_Filter.UEID,RRU.PrbUsedDl.UEID,CARR.PDSCHMCSDist.Bin1.UEID,CARR.PDSCHMCSDist.Bin2.UEID,CARR.PDSCHMCSDist.Bin3.UEID,CARR.PDSCHMCSDist.Bin4.UEID,CARR.PDSCHMCSDist.Bin5.UEID,CARR.PDSCHMCSDist.Bin6.UEID,L1M.RS-SINR.Bin34.UEID,L1M.RS-SINR.Bin46.UEID,L1M.RS-SINR.Bin58.UEID,L1M.RS-SINR.Bin70.UEID,L1M.RS-SINR.Bin82.UEID,L1M.RS-SINR.Bin94.UEID,L1M.RS-SINR.Bin127.UEID,DRB.BufferSize.Qos.UEID,DRB.UEThpDl.UEID,DRB.UEThpDlPdcpBased.UEID
1778855770139,00001,111,6,139,139,1,0,0,0,0,0,0,0,0,0,0,0,0,0,0,0,0,0,0,0,0,0,0,0,0,7,0,0,0,0,0,0,0,0.000000,0,0,0,0,0,0,0,0,0,0,0,0,0,0,0.000000,0.000000
1778855770139,00004,111,6,139,139,1,0,0,0,0,0,0,0,0,0,0,0,0,0,0,0,0,0,0,0,0,0,0,0,0,7,0,0,0,0,0,0,0,0.000000,0,0,0,0,0,0,0,0,0,0,0,0,0,0,0.000000,0.000000
1778855770139,00007,111,6,139,139,1,0,0,0,0,0,0,0,0,0,0,0,0,0,0,0,0,0,0,0,0,0,0,0,0,7,0,0,0,0,0,0,0,0.000000,0,0,0,0,0,0,0,0,0,0,0,0,0,0,0.000000,0.000000
1778855770139,00010,111,6,139,139,1,0,0,0,0,0,0,0,0,0,0,0,0,0,0,0,0,0,0,0,0,0,0,0,0,7,0,0,0,0,0,0,0,0.000000,0,0,0,0,0,0,0,0,0,0,0,0,0,0,0.000000,0.000000
1778855770139,00026,111,6,139,139,1,0,0,0,0,0,0,0,0,0,0,0,0,0,0,0,0,0,0,0,0,0,0,0,0,7,0,0,0,0,0,0,0,0.000000,0,0,0,0,0,0,0,0,0,0,0,0,0,0,0.000000,0.000000
1778855770139,00028,111,6,139,139,1,0,0,0,0,0,0,0,0,0,0,0,0,0,0,0,0,0,0,0,0,0,0,0,0,7,0,0,0,0,0,0,0,0.000000,0,0,0,0,0,0,0,0,0,0,0,0,0,0,0.000000,0.000000
1778855770139,00032,111,6,139,139,1,0,0,0,0,0,0,0,0,0,0,0,0,0,0,0,0,0,0,0,0,0,0,0,0,7,0,0,0,0,0,0,0,0.000000,0,0,0,0,0,0,0,0,0,0,0,0,0,0,0.000000,0.000000
1778855770239,00001,111,6,139,139,1,0,0,0,0,0,0,0,0,0,0,0,0,0,0,0,0,0,0,0,0,0,0,0,0,7,0,0,0,0,0,0,0,0.000000,0,0,0,0,0,0,0,0,0,0,0,0,0,0,0.000000,0.000000
1778855770239,00004,111,6,139,139,1,0,0,0,0,0,0,0,0,0,0,0,0,0,0,0,0,0,0,0,0,0,0,0,0,7,0,0,0,0,0,0,0,0.000000,0,0,0,0,0,0,0,0,0,0,0,0,0,0,0.000000,0.000000
1778855770239,00007,111,6,139,139,1,0,0,0,0,0,0,0,0,0,0,0,0,0,0,0,0,0,0,0,0,0,0,0,0,7,0,0,0,0,0,0,0,0.000000,0,0,0,0,0,0,0,0,0,0,0,0,0,0,0.000000,0.000000
1778855770239,00010,111,6,139,139,1,0,0,0,0,0,0,0,0,0,0,0,0,0,0,0,0,0,0,0,0,0,0,0,0,7,0,0,0,0,0,0,0,0.000000,0,0,0,0,0,0,0,0,0,0,0,0,0,0,0.000000,0.000000
1778855770239,00026,111,6,139,139,1,0,0,0,0,0,0,0,0,0,0,0,0,0,0,0,0,0,0,0,0,0,0,0,0,7,0,0,0,0,0,0,0,0.000000,0,0,0,0,0,0,0,0,0,0,0,0,0,0,0.000000,0.000000
1778855770239,00028,111,6,139,139,1,0,0,0,0,0,0,0,0,0,0,0,0,0,0,0,0,0,0,0,0,0,0,0,0,7,0,0,0,0,0,0,0,0.000000,0,0,0,0,0,0,0,0,0,0,0,0,0,0,0.000000,0.000000
1778855770239,00032,111,6,139,139,1,0,0,0,0,0,0,0,0,0,0,0,0,0,0,0,0,0,0,0,0,0,0,0,0,7,0,0,0,0,0,0,0,0.000000,0,0,0,0,0,0,0,0,0,0,0,0,0,0,0.000000,0.000000
1778855770339,00001,111,6,139,139,1,0,0,0,0,0,0,0,0,0,0,0,0,0,0,0,0,0,0,0,0,0,0,0,0,7,0,0,0,0,0,0,0,0.000000,0,0,0,0,0,0,0,0,0,0,0,0,0,0,0.000000,0.000000
1778855770339,00004,111,6,139,139,1,0,0,0,0,0,0,0,0,0,0,0,0,0,0,0,0,0,0,0,0,0,0,0,0,7,0,0,0,0,0,0,0,0.000000,0,0,0,0,0,0,0,0,0,0,0,0,0,0,162.666721,0.000000
1778855770339,00007,111,6,139,139,1,0,0,0,0,0,0,0,0,0,0,0,0,0,0,0,0,0,0,0,0,0,0,0,0,7,0,0,0,0,0,0,0,0.000000,0,0,0,0,0,0,0,0,0,0,0,0,0,0,4627.796411,490.000000
1778855770339,00010,111,6,139,139,1,0,0,0,0,0,0,0,0,0,0,0,0,0,0,0,0,0,0,0,0,0,0,0,0,7,0,0,0,0,0,0,0,0.000000,0,0,0,0,0,0,0,0,0,0,0,0,0,0,0.000000,0.000000
1778855770339,00026,111,6,139,139,1,0,0,0,0,0,0,0,0,0,0,0,0,0,0,0,0,0,0,0,0,0,0,0,0,7,0,0,0,0,0,0,0,0.000000,0,0,0,0,0,0,0,0,0,0,0,0,0,0,0.000000,0.000000
1778855770339,00028,111,6,139,139,1,0,0,0,0,0,0,0,0,0,0,0,0,0,0,0,0,0,0,0,0,0,0,0,0,7,0,0,0,0,0,0,0,0.000000,0,0,0,0,0,0,0,0,0,0,0,0,0,0,434.137034,0.000000
1778855770339,00032,111,6,139,139,1,0,0,0,0,0,0,0,0,0,0,0,0,0,0,0,0,0,0,0,0,0,0,0,0,7,0,0,0,0,0,0,0,0.000000,0,0,0,0,0,0,0,0,0,0,0,0,0,0,170.666724,0.000000
1778855770439,00001,111,6,139,139,1,0,0,0,0,0,0,0,0,0,0,0,0,0,0,0,0,0,0,0,0,0,0,0,0,7,0,0,0,0,0,0,0,0.000000,0,0,0,0,0,0,0,0,0,0,0,0,0,0,0.000000,1170.000000
1778855770439,00004,111,6,139,139,1,0,0,0,0,0,0,0,0,0,0,0,0,0,0,0,0,0,0,0,0,0,0,0,0,7,0,0,0,0,0,0,0,0.000000,0,0,0,0,0,0,0,0,0,0,0,0,0,0,162.666721,0.000000
1778855770439,00007,111,6,139,139,1,0,0,0,0,0,0,0,0,0,0,0,0,0,0,0,0,0,0,0,0,0,0,0,0,7,0,0,0,0,0,0,0,0.000000,0,0,0,0,0,0,0,0,0,0,0,0,0,0,6006.131059,1150.000000
1778855770439,00010,111,6,139,139,1,0,0,0,0,0,0,0,0,0,0,0,0,0,0,0,0,0,0,0,0,0,0,0,0,7,0,0,0,0,0,0,0,0.000000,0,0,0,0,0,0,0,0,0,0,0,0,0,0,0.000000,0.000000
1778855770439,00026,111,6,139,139,1,0,0,0,0,0,0,0,0,0,0,0,0,0,0,0,0,0,0,0,0,0,0,0,0,7,0,0,0,0,0,0,0,0.000000,0,0,0,0,0,0,0,0,0,0,0,0,0,0,10463.544460,6700.000000
1778855770439,00028,111,6,139,139,1,0,0,0,0,0,0,0,0,0,0,0,0,0,0,0,0,0,0,0,0,0,0,0,0,7,0,0,0,0,0,0,0,0.000000,0,0,0,0,0,0,0,0,0,0,0,0,0,0,645.733236,0.000000
1778855770439,00032,111,6,139,139,1,0,0,0,0,0,0,0,0,0,0,0,0,0,0,0,0,0,0,0,0,0,0,0,0,7,0,0,0,0,0,0,0,0.000000,0,0,0,0,0,0,0,0,0,0,0,0,0,0,162.666721,0.000000
1778855770539,00001,111,6,139,139,1,0,0,0,0,0,0,0,0,0,0,0,0,0,0,0,0,0,0,0,0,0,0,0,0,7,0,0,0,0,0,0,0,0.000000,0,0,0,0,0,0,0,0,0,0,0,0,0,0,0.000000,1510.000000
1778855770539,00004,111,6,139,139,1,0,0,0,0,0,0,0,0,0,0,0,0,0,0,0,0,0,0,0,0,0,0,0,0,7,0,0,0,0,0,0,0,0.000000,0,0,0,0,0,0,0,0,0,0,0,0,0,0,162.666721,0.000000
1778855770539,00007,111,6,139,139,1,0,0,0,0,0,0,0,0,0,0,0,0,0,0,0,0,0,0,0,0,0,0,0,0,7,0,0,0,0,0,0,0,0.000000,0,0,0,0,0,0,0,0,0,0,0,0,0,0,5446.645289,390.000000
1778855770539,00010,111,6,139,139,1,0,0,0,0,0,0,0,0,0,0,0,0,0,0,0,0,0,0,0,0,0,0,0,0,7,0,0,0,0,0,0,0,0.000000,0,0,0,0,0,0,0,0,0,0,0,0,0,0,0.000000,0.000000
1778855770539,00026,111,6,139,139,1,0,0,0,0,0,0,0,0,0,0,0,0,0,0,0,0,0,0,0,0,0,0,0,0,7,0,0,0,0,0,0,0,0.000000,0,0,0,0,0,0,0,0,0,0,0,0,0,0,12436.710492,3870.000000
1778855770539,00028,111,6,139,139,1,0,0,0,0,0,0,0,0,0,0,0,0,0,0,0,0,0,0,0,0,0,0,0,0,7,0,0,0,0,0,0,0,0.000000,0,0,0,0,0,0,0,0,0,0,0,0,0,0,2224.936829,340.000000
1778855770539,00032,111,6,139,139,1,0,0,0,0,0,0,0,0,0,0,0,0,0,0,0,0,0,0,0,0,0,0,0,0,7,0,0,0,0,0,0,0,0.000000,0,0,0,0,0,0,0,0,0,0,0,0,0,0,162.666721,0.000000
1778855770639,00001,111,6,139,139,1,0,0,0,0,0,0,0,0,0,0,0,0,0,0,0,0,0,0,0,0,0,0,0,0,7,0,0,0,0,0,0,0,0.000000,0,0,0,0,0,0,0,0,0,0,0,0,0,0,0.000000,750.000000
1778855770639,00004,111,6,139,139,1,0,0,0,0,0,0,0,0,0,0,0,0,0,0,0,0,0,0,0,0,0,0,0,0,7,0,0,0,0,0,0,0,0.000000,0,0,0,0,0,0,0,0,0,0,0,0,0,0,162.666721,0.000000
1778855770639,00007,111,6,139,139,1,0,0,0,0,0,0,0,0,0,0,0,0,0,0,0,0,0,0,0,0,0,0,0,0,7,0,0,0,0,0,0,0,0.000000,0,0,0,0,0,0,0,0,0,0,0,0,0,0,5112.705523,410.000000
1778855770639,00010,111,6,139,139,1,0,0,0,0,0,0,0,0,0,0,0,0,0,0,0,0,0,0,0,0,0,0,0,0,7,0,0,0,0,0,0,0,0.000000,0,0,0,0,0,0,0,0,0,0,0,0,0,0,0.000000,0.000000
1778855770639,00026,111,6,139,139,1,0,0,0,0,0,0,0,0,0,0,0,0,0,0,0,0,0,0,0,0,0,0,0,0,7,0,0,0,0,0,0,0,0.000000,0,0,0,0,0,0,0,0,0,0,0,0,0,0,13532.771237,2300.000000
1778855770639,00028,111,6,139,139,1,0,0,0,0,0,0,0,0,0,0,0,0,0,0,0,0,0,0,0,0,0,0,0,0,7,0,0,0,0,0,0,0,0.000000,0,0,0,0,0,0,0,0,0,0,0,0,0,0,3082.231125,340.000000
1778855770639,00032,111,6,139,139,1,0,0,0,0,0,0,0,0,0,0,0,0,0,0,0,0,0,0,0,0,0,0,0,0,7,0,0,0,0,0,0,0,0.000000,0,0,0,0,0,0,0,0,0,0,0,0,0,0,162.666721,0.000000
1778855770739,00001,111,6,139,139,1,0,0,0,0,0,0,0,0,0,0,0,0,0,0,0,0,0,0,0,0,0,0,0,0,7,0,0,0,0,0,0,0,0.000000,0,0,0,0,0,0,0,0,0,0,0,0,0,0,0.000000,1510.000000
1778855770739,00004,111,6,139,139,1,0,0,0,0,0,0,0,0,0,0,0,0,0,0,0,0,0,0,0,0,0,0,0,0,7,0,0,0,0,0,0,0,0.000000,0,0,0,0,0,0,0,0,0,0,0,0,0,0,162.666721,0.000000
1778855770739,00007,111,6,139,139,1,0,0,0,0,0,0,0,0,0,0,0,0,0,0,0,0,0,0,0,0,0,0,0,0,7,0,0,0,0,0,0,0,0.000000,0,0,0,0,0,0,0,0,0,0,0,0,0,0,5175.287393,800.000000
1778855770739,00010,111,6,139,139,1,0,0,0,0,0,0,0,0,0,0,0,0,0,0,0,0,0,0,0,0,0,0,0,0,7,0,0,0,0,0,0,0,0.000000,0,0,0,0,0,0,0,0,0,0,0,0,0,0,0.000000,0.000000
1778855770739,00026,111,6,139,139,1,0,0,0,0,0,0,0,0,0,0,0,0,0,0,0,0,0,0,0,0,0,0,0,0,7,0,0,0,0,0,0,0,0.000000,0,0,0,0,0,0,0,0,0,0,0,0,0,0,14454.530060,2200.000000
1778855770739,00028,111,6,139,139,1,0,0,0,0,0,0,0,0,0,0,0,0,0,0,0,0,0,0,0,0,0,0,0,0,7,0,0,0,0,0,0,0,0.000000,0,0,0,0,0,0,0,0,0,0,0,0,0,0,3191.884079,340.000000
1778855770739,00032,111,6,139,139,1,0,0,0,0,0,0,0,0,0,0,0,0,0,0,0,0,0,0,0,0,0,0,0,0,7,0,0,0,0,0,0,0,0.000000,0,0,0,0,0,0,0,0,0,0,0,0,0,0,162.666721,0.000000
1778855770839,00001,111,6,139,139,1,0,0,0,0,0,0,0,0,0,0,0,0,0,0,0,0,0,0,0,0,0,0,0,1180,7,0,0,0,0,0,0,0,0.000000,0,0,0,0,0,0,0,0,0,0,0,0,0,0,0.000000,750.000000
1778855770839,00004,111,6,139,139,1,0,0,0,0,0,0,0,0,0,0,0,0,0,0,0,0,0,0,0,0,0,0,0,1180,7,0,0,0,0,0,0,0,0.000000,0,0,0,0,0,0,0,0,0,0,0,0,0,0,162.666721,0.000000
1778855770839,00007,111,6,139,139,1,0,0,0,0,0,0,0,0,0,0,0,0,0,0,0,0,0,0,0,0,0,0,0,1180,7,0,0,0,0,0,0,0,0.000000,0,0,0,0,0,0,0,0,0,0,0,0,0,0,5423.386073,230.000000
1778855770839,00010,111,6,139,139,1,0,0,0,0,0,0,0,0,0,0,0,0,0,0,0,0,0,0,0,0,0,0,0,1180,7,0,0,0,0,0,0,0,0.000000,0,0,0,0,0,0,0,0,0,0,0,0,0,0,0.000000,0.000000
1778855770839,00026,111,6,139,139,1,0,0,0,0,0,0,0,0,0,0,0,0,0,0,0,0,0,0,0,0,0,0,0,1180,7,0,0,0,0,0,0,0,0.000000,0,0,0,0,0,0,0,0,0,0,0,0,0,0,15240.502248,2300.000000
1778855770839,00028,111,6,139,139,1,0,0,0,0,0,0,0,0,0,0,0,0,0,0,0,0,0,0,0,0,0,0,0,1180,7,0,0,0,0,0,0,0,0.000000,0,0,0,0,0,0,0,0,0,0,0,0,0,1180,3842.997320,180.000000
1778855770839,00032,111,6,139,139,1,0,0,0,0,0,0,0,0,0,0,0,0,0,0,0,0,0,0,0,0,0,0,0,1180,7,0,0,0,0,0,0,0,0.000000,0,0,0,0,0,0,0,0,0,0,0,0,0,0,2385.600795,340.000000
