timestamp,ueImsiComplete,DRB.PdcpSduDelayDl(cellAverageLatency),m_pDCPBytesUL(0),m_pDCPBytesDL(cellDlTxVolume),DRB.PdcpSduVolumeDl_Filter.UEID(txBytes),Tot.PdcpSduNbrDl.UEID(txDlPackets),DRB.PdcpSduBitRateDl.UEID(pdcpThroughput),DRB.PdcpSduDelayDl.UEID(pdcpLatency),txPdcpPduLteRlc,txPdcpPduBytesLteRlc,QosFlow.PdcpPduVolumeDL_Filter.UEID(txPdcpPduBytesNrRlc),DRB.PdcpPduNbrDl.Qos.UEID(txPdcpPduNrRlc)
1778852337733,00015,0.000000,0,0,0,0,0.000000,0.000000,0,0,0.000000,0
1778852337733,00008,0.000000,0,0,0,0,0.000000,0.000000,0,0,0.000000,0
1778852337733,00030,0.000000,0,0,0,0,0.000000,0.000000,0,0,0.000000,0
1778852337733,00026,0.000000,0,0,0,0,0.000000,0.000000,0,0,0.000000,0
1778852337733,00031,0.000000,0,0,0,0,0.000000,0.000000,0,0,0.000000,0
1778852337733,00004,0.000000,0,0,0,0,0.000000,0.000000,0,0,0.000000,0
1778852337733,00018,0.000000,0,0,0,0,0.000000,0.000000,0,0,0.000000,0
1778852337733,00034,0.000000,0,0,0,0,0.000000,0.000000,0,0,0.000000,0
1778852337733,00041,0.000000,0,0,0,0,0.000000,0.000000,0,0,0.000000,0
1778852337733,00063,0.000000,0,0,0,0,0.000000,0.000000,0,0,0.000000,0
1778852337733,00009,0.000000,0,0,0,0,0.000000,0.000000,0,0,0.000000,0
1778852337733,00028,0.000000,0,0,0,0,0.000000,0.000000,0,0,0.000000,0
1778852337733,00043,0.000000,0,0,0,0,0.000000,0.000000,0,0,0.000000,0
1778852337733,00040,0.000000,0,0,0,0,0.000000,0.000000,0,0,0.000000,0
1778852337733,00020,0.000000,0,0,0,0,0.000000,0.000000,0,0,0.000000,0
1778852337733,00037,0.000000,0,0,0,0,0.000000,0.000000,0,0,0.000000,0
1778852337733,00029,0.000000,0,0,0,0,0.000000,0.000000,0,0,0.000000,0
1778852337733,00038,0.000000,0,0,0,0,0.000000,0.000000,0,0,0.000000,0
1778852337733,00010,0.000000,0,0,0,0,0.000000,0.000000,0,0,0.000000,0
1778852337733,00053,0.000000,0,0,0,0,0.000000,0.000000,0,0,0.000000,0
1778852337733,00011,0.000000,0,0,0,0,0.000000,0.000000,0,0,0.000000,0
1778852337733,00016,0.000000,0,0,0,0,0.000000,0.000000,0,0,0.000000,0
1778852337733,00039,0.000000,0,0,0,0,0.000000,0.000000,0,0,0.000000,0
1778852337733,00046,0.000000,0,0,0,0,0.000000,0.000000,0,0,0.000000,0
1778852337733,00032,0.000000,0,0,0,0,0.000000,0.000000,0,0,0.000000,0
1778852337733,00045,0.000000,0,0,0,0,0.000000,0.000000,0,0,0.000000,0
1778852337733,00035,0.000000,0,0,0,0,0.000000,0.000000,0,0,0.000000,0
1778852337733,00051,0.000000,0,0,0,0,0.000000,0.000000,0,0,0.000000,0
1778852337733,00054,0.000000,0,0,0,0,0.000000,0.000000,0,0,0.000000,0
1778852337733,00062,0.000000,0,0,0,0,0.000000,0.000000,0,0,0.000000,0
1778852337733,00007,0.000000,0,0,0,0,0.000000,0.000000,0,0,0.000000,0
1778852337733,00056,0.000000,0,0,0,0,0.000000,0.000000,0,0,0.000000,0
1778852337733,00042,0.000000,0,0,0,0,0.000000,0.000000,0,0,0.000000,0
1778852337733,00023,0.000000,0,0,0,0,0.000000,0.000000,0,0,0.000000,0
1778852337733,00027,0.000000,0,0,0,0,0.000000,0.000000,0,0,0.000000,0
1778852337733,00033,0.000000,0,0,0,0,0.000000,0.000000,0,0,0.000000,0
1778852337733,00014,0.000000,0,0,0,0,0.000000,0.000000,0,0,0.000000,0
1778852337733,00055,0.000000,0,0,0,0,0.000000,0.000000,0,0,0.000000,0
1778852337733,00017,0.000000,0,0,0,0,0.000000,0.000000,0,0,0.000000,0
1778852337733,00044,0.000000,0,0,0,0,0.000000,0.000000,0,0,0.000000,0
1778852337733,00060,0.000000,0,0,0,0,0.000000,0.000000,0,0,0.000000,0
1778852337733,00022,0.000000,0,0,0,0,0.000000,0.000000,0,0,0.000000,0
1778852337733,00006,0.000000,0,0,0,0,0.000000,0.000000,0,0,0.000000,0
1778852337733,00048,0.000000,0,0,0,0,0.000000,0.000000,0,0,0.000000,0
1778852337733,00003,0.000000,0,0,0,0,0.000000,0.000000,0,0,0.000000,0
1778852337733,00005,0.000000,0,0,0,0,0.000000,0.000000,0,0,0.000000,0
1778852337733,00047,0.000000,0,0,0,0,0.000000,0.000000,0,0,0.000000,0
1778852337733,00019,0.000000,0,0,0,0,0.000000,0.000000,0,0,0.000000,0
1778852337733,00024,0.000000,0,0,0,0,0.000000,0.000000,0,0,0.000000,0
1778852337733,00058,0.000000,0,0,0,0,0.000000,0.000000,0,0,0.000000,0
1778852337733,00052,0.000000,0,0,0,0,0.000000,0.000000,0,0,0.000000,0
1778852337733,00013,0.000000,0,0,0,0,0.000000,0.000000,0,0,0.000000,0
1778852337733,00057,0.000000,0,0,0,0,0.000000,0.000000,0,0,0.000000,0
1778852337733,00059,0.000000,0,0,0,0,0.000000,0.000000,0,0,0.000000,0
1778852337733,00049,0.000000,0,0,0,0,0.000000,0.000000,0,0,0.000000,0
1778852337733,00002,0.000000,0,0,0,0,0.000000,0.000000,0,0,0.000000,0
1778852337733,00001,0.000000,0,0,0,0,0.000000,0.000000,0,0,0.000000,0
1778852337733,00021,0.000000,0,0,0,0,0.000000,0.000000,0,0,0.000000,0
1778852337733,00050,0.000000,0,0,0,0,0.000000,0.000000,0,0,0.000000,0
1778852337733,00061,0.000000,0,0,0,0,0.000000,0.000000,0,0,0.000000,0
1778852337733,00036,0.000000,0,0,0,0,0.000000,0.000000,0,0,0.000000,0
1778852337733,00025,0.000000,0,0,0,0,0.000000,0.000000,0,0,0.000000,0
1778852337733,00012,0.000000,0,0,0,0,0.000000,0.000000,0,0,0.000000,0
